c2s=1 bytes, s2c=1000000 bytes, d1=1ms, d2=50ms, bw1=100Mbps, bw2=10Mbps
cubic
0.25 0.5 1 2 4 8 16 32 
2434.224000 1392.371000 1157.958000 1419.086000 973.203000 1031.103000 1009.244000 1019.077000 
118.555000 113.344000 110.488000 115.754000 105.899000 107.666000 106.926000 107.006000 
bbr
0.25 0.5 1 2 4 8 16 32 
2347.857000 1197.425000 1048.066000 1082.853000 950.557000 1186.327000 986.890000 1084.495000 
114.617000 111.245000 107.689000 109.019000 106.031000 109.942000 106.020000 107.752000 
cdg
0.25 0.5 1 2 4 8 16 32 
1149.691000 2244.027000 2563.802000 2666.702000 1997.071000 2925.974000 2210.459000 1964.788000 
108.816000 108.311000 110.186000 111.480000 110.151000 111.383000 108.888000 110.592000 
highspeed
0.25 0.5 1 2 4 8 16 32 
2822.604000 1781.262000 970.345000 1078.716000 991.927000 1207.284000 1591.149000 997.613000 
110.832000 118.044000 107.836000 108.086000 106.404000 108.900000 118.221000 105.923000 
htcp
0.25 0.5 1 2 4 8 16 32 
2365.370000 1264.317000 981.479000 972.411000 1315.836000 1084.548000 1270.624000 1286.032000 
108.413000 108.585000 107.284000 106.855000 111.355000 109.326000 110.980000 111.093000 
hybla
0.25 0.5 1 2 4 8 16 32 
2471.126000 1540.415000 1001.888000 1090.798000 1623.035000 1137.399000 1125.369000 1221.021000 
111.950000 116.648000 107.585000 112.437000 113.323000 109.644000 108.764000 113.461000 
illinois
0.25 0.5 1 2 4 8 16 32 
2102.165000 1311.281000 1434.225000 1460.448000 1024.942000 1419.645000 999.421000 1401.041000 
108.789000 115.717000 116.988000 116.867000 108.738000 113.743000 107.533000 113.371000 
nv
0.25 0.5 1 2 4 8 16 32 
2027.679000 1133.965000 1309.621000 1144.150000 1314.387000 1045.351000 1278.891000 1035.592000 
114.731000 108.295000 113.352000 108.826000 114.500000 107.934000 112.844000 109.573000 
scalable
0.25 0.5 1 2 4 8 16 32 
2027.008000 1042.852000 1155.706000 1106.134000 1168.113000 1450.725000 1146.899000 994.065000 
108.662000 107.739000 113.286000 110.616000 108.462000 113.776000 111.045000 106.965000 
vegas
0.25 0.5 1 2 4 8 16 32 
2476.212000 1331.150000 1258.397000 1110.231000 1247.365000 1216.747000 997.658000 1174.299000 
120.815000 110.899000 112.929000 110.083000 111.956000 111.169000 109.150000 110.719000 
veno
0.25 0.5 1 2 4 8 16 32 
2537.953000 1328.321000 1005.885000 1040.155000 1306.066000 1199.711000 1280.329000 1257.802000 
112.714000 110.950000 108.757000 108.025000 113.370000 110.646000 111.688000 111.014000 
westwood
0.25 0.5 1 2 4 8 16 32 
2351.400000 1086.456000 1005.384000 1466.998000 1125.853000 2006.579000 1019.166000 1048.895000 
117.477000 106.540000 107.421000 115.557000 108.420000 121.932000 107.570000 107.067000 
yeah
0.25 0.5 1 2 4 8 16 32 
2084.188000 1084.913000 1023.196000 951.439000 1487.964000 1014.818000 1131.322000 1555.604000 
110.864000 109.595000 108.491000 106.681000 113.658000 107.091000 108.657000 115.946000 
