c2s=1 bytes, s2c=1000000 bytes, d1=1ms, d2=50ms, bw1=100Mbps, bw2=10Mbps
cubic
0.25 0.5 1 2 4 8 16 32 
2429.730000 1392.819000 1156.169000 1431.103000 973.355000 1031.416000 1011.084000 1014.424000 
143.286000 148.979000 239.853000 582.678000 955.013000 1011.378000 992.325000 995.483000 
bbr
0.25 0.5 1 2 4 8 16 32 
2348.011000 1197.573000 1043.063000 1083.006000 950.696000 1186.465000 987.034000 1084.880000 
130.394000 124.975000 116.329000 119.973000 114.587000 120.085000 114.745000 115.646000 
cdg
0.25 0.5 1 2 4 8 16 32 
1149.871000 2242.611000 2576.844000 2668.803000 2001.578000 2928.696000 2225.766000 1966.212000 
117.303000 114.131000 112.196000 115.167000 117.953000 120.465000 114.643000 111.860000 
highspeed
0.25 0.5 1 2 4 8 16 32 
2809.152000 1781.459000 970.493000 1073.868000 992.072000 1206.958000 1636.157000 993.917000 
112.062000 168.268000 184.523000 397.514000 973.559000 1184.469000 1604.616000 975.129000 
htcp
0.25 0.5 1 2 4 8 16 32 
2364.925000 1262.562000 981.646000 972.568000 1315.970000 1086.053000 1271.042000 1263.016000 
112.976000 124.738000 171.988000 321.094000 1291.043000 1065.510000 1246.383000 1239.014000 
hybla
0.25 0.5 1 2 4 8 16 32 
2473.613000 1563.190000 1002.041000 1093.427000 1578.554000 1137.550000 1125.507000 1221.177000 
118.759000 180.738000 208.232000 400.241000 1547.509000 1115.152000 1104.484000 1194.489000 
illinois
0.25 0.5 1 2 4 8 16 32 
2102.360000 1355.627000 1439.293000 1460.596000 1049.748000 1414.605000 1019.647000 1401.187000 
113.992000 185.846000 298.531000 625.935000 1029.838000 1387.019000 1000.263000 1373.860000 
nv
0.25 0.5 1 2 4 8 16 32 
2022.888000 1122.606000 1309.999000 1144.225000 1342.222000 1045.344000 1279.245000 1035.540000 
128.252000 113.180000 164.038000 148.820000 155.134000 134.390000 143.659000 134.119000 
scalable
0.25 0.5 1 2 4 8 16 32 
2026.458000 1042.565000 1200.231000 1106.282000 1163.103000 1450.911000 1190.755000 994.542000 
110.235000 115.455000 246.183000 467.889000 1141.716000 1423.620000 1168.124000 975.709000 
vegas
0.25 0.5 1 2 4 8 16 32 
2476.830000 1330.570000 1258.528000 1110.335000 1247.505000 1216.877000 997.793000 1175.063000 
147.702000 124.888000 141.335000 149.868000 145.913000 153.487000 137.929000 169.643000 
veno
0.25 0.5 1 2 4 8 16 32 
2536.951000 1328.758000 1006.074000 1040.313000 1311.357000 1199.582000 1297.842000 1263.146000 
112.921000 127.587000 189.078000 386.098000 1286.615000 1175.169000 1273.302000 1239.324000 
westwood
0.25 0.5 1 2 4 8 16 32 
2353.243000 1085.312000 1005.535000 1463.743000 1129.037000 2006.639000 1018.858000 1049.044000 
120.178000 108.680000 164.906000 475.388000 1108.004000 1966.918000 998.391000 1029.734000 
yeah
0.25 0.5 1 2 4 8 16 32 
2098.472000 1085.759000 1023.353000 952.205000 1487.688000 1014.969000 1130.998000 1556.055000 
113.967000 121.804000 189.397000 180.088000 1459.415000 995.018000 1109.230000 1526.492000 
