cca=BBR, bf1=21, bf2=21, c2s=1 bytes, s2c=1000000 bytes, d1=1msms, d2=50msms, bw1=100Mbps, bw2=10Mbps
1 1510.083000 295.802000 162772
2 1437.581000 273.344000 163300
3 1494.907000 253.810000 161542
4 1498.713000 236.713000 155352
5 1486.689000 221.652000 146635
6 1491.484000 208.538000 136204
7 1084.934000 197.101000 125028
8 1326.472000 185.766000 116441
9 1029.166000 177.110000 104643
10 1115.584000 168.335000 96032
11 1004.732000 160.714000 87266
12 1181.323000 153.920000 79037
13 986.626000 147.986000 71147
14 978.654000 142.753000 63825
15 990.708000 138.195000 56985
16 981.743000 134.278000 50572
17 977.993000 130.794000 44897
18 976.337000 127.713000 39835
19 973.113000 124.925000 35452
20 1043.822000 122.518000 31404
21 1072.813000 120.482000 27624
22 1277.874000 118.746000 24190
23 984.355000 117.119000 21397
24 973.805000 115.750000 18785
25 984.157000 114.613000 16363
26 977.595000 113.706000 14087
27 1194.090000 112.797000 12382
28 980.288000 111.966000 10950
29 1043.992000 111.192000 9760
30 980.534000 110.602000 8499
31 979.055000 110.127000 7326
32 976.221000 109.590000 6568
33 975.739000 109.173000 5760
34 1427.909000 108.867000 4931
35 1030.344000 108.468000 4497
36 978.189000 108.152000 4005
37 1079.064000 107.890000 3528
38 1075.737000 107.639000 3147
39 1069.932000 107.446000 2747
40 979.364000 107.324000 2303
41 980.257000 107.229000 1919
42 1061.016000 107.040000 1816
43 1031.905000 107.010000 1423
44 975.296000 106.951000 1185
45 976.021000 106.893000 1005
46 1041.888000 106.769000 1000
47 1068.172000 106.663000 964
48 982.484000 106.794000 985
49 976.971000 106.742000 841
50 1076.994000 106.655000 805
51 1384.681000 106.522000 813
52 979.908000 106.510000 632
53 978.582000 106.649000 752
54 984.415000 106.598000 667
55 1002.359000 106.542000 612
56 1000.291000 106.469000 606
57 1053.512000 106.565000 647
58 985.826000 106.492000 632
59 979.520000 106.436000 586
60 1316.890000 106.382000 548
61 1312.421000 106.459000 566
62 1283.013000 106.396000 550
63 997.286000 106.437000 494
64 979.386000 106.367000 496
65 1310.403000 106.321000 464
66 979.548000 106.413000 531
67 1034.221000 106.416000 405
68 981.652000 106.375000 386
69 1385.617000 106.328000 383
70 1043.273000 106.283000 378
71 980.783000 106.270000 310
72 974.852000 106.263000 245
73 1070.552000 106.250000 210
74 1141.029000 106.239000 181
75 974.183000 106.201000 184
76 1394.745000 106.176000 185
77 5230.864000 109.810000 7406
78 6098.766000 119.457000 24849
79 3241.121000 127.891000 35506
80 1020.240000 125.928000 30556
81 1068.469000 124.411000 25950
82 992.510000 122.461000 23364
83 985.364000 120.538000 21369
84 993.553000 118.915000 19272
85 980.320000 117.439000 17405
86 978.087000 116.018000 15896
87 977.079000 114.804000 14350
88 979.327000 113.693000 12985
89 974.795000 112.699000 11727
90 975.539000 111.880000 10433
91 1080.532000 111.149000 9287
92 978.372000 110.466000 8332
93 978.351000 109.940000 7301
94 983.092000 109.549000 6258
95 1023.788000 109.080000 5631
96 974.248000 108.865000 4653
97 1079.101000 108.560000 4101
98 3945.943000 108.195000 3805
99 1437.129000 109.248000 4961
100 1021.734000 109.237000 3743
101 987.771000 109.139000 3003
102 1074.464000 108.825000 2881
103 984.998000 108.506000 2798
104 1015.690000 108.303000 2504
105 986.952000 107.966000 2510
106 991.290000 107.806000 2204
107 976.385000 107.597000 2070
108 979.343000 107.441000 1864
109 983.151000 107.244000 1792
110 1302.661000 107.214000 1405
111 1022.209000 107.115000 1251
112 988.492000 106.936000 1256
113 975.446000 106.916000 982
114 1057.482000 106.787000 983
115 1176.553000 106.727000 859
116 976.752000 106.655000 787
117 981.237000 106.614000 672
118 1184.796000 106.597000 539
119 2136.918000 109.876000 6963
120 993.153000 109.855000 5264
121 1046.289000 109.654000 4351
122 975.450000 109.202000 4168
123 975.124000 108.851000 3827
124 975.434000 108.520000 3532
125 979.236000 108.136000 3416
126 976.560000 107.890000 3055
127 979.285000 107.657000 2758
128 984.597000 107.431000 2520
129 1086.952000 107.157000 2438
130 980.779000 107.121000 1901
131 980.749000 107.113000 1441
132 986.959000 107.067000 1174
133 994.360000 106.965000 1084
134 983.059000 106.975000 834
135 983.734000 106.942000 691
136 981.112000 106.856000 691
137 980.728000 106.655000 719
138 984.859000 106.668000 567
139 981.030000 106.589000 569
140 982.891000 106.590000 429
141 1022.087000 106.572000 359
142 975.992000 106.558000 296
143 976.120000 106.412000 323
144 977.381000 106.456000 330
145 1292.641000 106.445000 268
146 978.187000 106.453000 216
147 978.900000 106.486000 227
148 977.412000 106.464000 213
149 975.613000 106.393000 224
150 972.049000 106.331000 232
151 1077.694000 106.307000 223
152 974.972000 106.308000 170
153 977.983000 106.264000 175
154 1351.288000 106.356000 316
155 1055.497000 106.405000 334
156 1015.302000 106.329000 342
157 1075.004000 106.293000 330
158 1026.662000 106.355000 372
159 1344.389000 106.322000 346
160 982.537000 106.290000 322
161 981.200000 106.300000 261
162 1022.313000 106.286000 223
163 972.467000 106.272000 195
164 1087.204000 106.391000 384
165 1090.309000 106.331000 387
166 981.854000 106.381000 389
167 976.208000 106.375000 303
168 1082.109000 106.294000 314
169 1008.805000 106.179000 333
170 1350.697000 106.160000 286
171 975.487000 106.142000 252
172 1051.420000 106.145000 197
173 2992.896000 106.093000 204
174 1931.120000 116.221000 20409
175 1071.022000 115.348000 17052
176 1018.772000 114.613000 14258
177 987.254000 113.880000 12161
178 1288.307000 113.057000 10767
179 1036.955000 112.220000 9749
180 1083.764000 111.570000 8611
181 976.597000 110.814000 7970
182 976.742000 110.241000 7125
183 978.275000 109.716000 6393
184 974.594000 109.280000 5666
185 981.326000 108.905000 5000
186 978.560000 108.587000 4385
187 1031.280000 108.350000 3764
188 989.002000 108.244000 3034
189 1283.462000 107.873000 3019
190 1090.030000 107.673000 2664
191 1162.640000 107.552000 2240
192 1049.589000 107.411000 1962
193 983.522000 107.299000 1695
194 1067.660000 107.124000 1622
195 1011.007000 107.057000 1349
196 1077.920000 106.986000 1154
197 1029.009000 106.791000 1167
198 984.208000 106.694000 1068
199 973.637000 106.665000 860
200 977.411000 106.590000 795
[FINAL]:
Client Throughput=0.871494 Byte/s
AverageUPL=1071.492000
    AverageRTT=107.700000
    tcpi_retransmits=0
    tcpi_rto=308000
    tcpi_lost=0
    tcpi_retrans=0
    tcpi_snd_cwnd=18
    tcpi_snd_ssthresh=2147483647
    tcpi_total_retrans=7
cca=BBR, bf1=43, bf2=43, c2s=1 bytes, s2c=1000000 bytes, d1=1msms, d2=50msms, bw1=100Mbps, bw2=10Mbps
1 1232.575000 213.844000 114786
2 2237.187000 200.510000 112757
3 1710.958000 198.831000 87925
4 961.404000 187.384000 88039
5 946.390000 177.346000 86105
6 940.000000 168.469000 82334
7 940.212000 160.731000 77225
8 939.103000 153.922000 71537
9 1244.052000 148.000000 65497
10 939.120000 142.664000 59794
11 940.308000 138.121000 53933
12 940.840000 134.282000 48128
13 940.419000 130.897000 42864
14 958.972000 127.787000 38370
15 939.704000 125.095000 34161
16 939.402000 122.716000 30378
17 940.850000 120.594000 27028
18 940.128000 118.806000 23846
19 939.478000 117.176000 21146
20 1246.070000 115.774000 18663
21 940.533000 114.671000 16203
22 942.230000 113.576000 14343
23 940.035000 112.743000 12422
24 940.386000 111.972000 10860
25 939.805000 111.173000 9742
26 938.854000 110.517000 8619
27 939.046000 109.916000 7665
28 940.148000 109.509000 6563
29 939.985000 109.117000 5706
30 940.800000 108.874000 4767
31 940.535000 108.614000 4095
32 939.836000 108.307000 3684
33 939.198000 107.985000 3409
34 939.424000 107.748000 3030
35 941.296000 107.807000 2391
36 943.561000 107.991000 2163
37 1245.465000 107.870000 1865
38 939.667000 107.639000 1860
39 940.977000 107.553000 1567
40 939.993000 107.370000 1543
41 940.131000 107.263000 1370
42 939.471000 107.118000 1317
43 940.596000 107.072000 1081
44 940.453000 106.900000 1090
45 940.375000 106.868000 881
46 939.993000 106.815000 767
47 939.616000 106.655000 783
48 939.446000 106.483000 801
49 939.499000 106.464000 639
50 940.810000 106.523000 597
51 939.964000 106.488000 516
52 939.958000 106.515000 441
53 939.641000 106.391000 458
54 940.356000 106.431000 425
55 941.967000 106.669000 794
56 1248.922000 106.601000 730
57 939.751000 106.507000 730
58 938.810000 106.296000 760
59 940.363000 106.386000 749
60 939.485000 106.250000 760
61 940.037000 106.269000 609
62 939.840000 106.213000 569
63 939.514000 106.146000 562
64 939.626000 106.145000 424
65 939.403000 106.106000 395
66 939.740000 106.049000 397
67 939.518000 106.043000 310
68 939.604000 105.980000 315
69 941.007000 106.001000 279
70 939.286000 105.906000 294
71 938.966000 105.829000 304
72 938.900000 105.802000 282
73 939.676000 105.865000 339
74 1243.957000 105.934000 391
75 3476.749000 105.988000 402
76 1490.947000 107.326000 2978
77 1147.153000 108.507000 4594
78 943.756000 108.295000 3868
79 941.985000 108.104000 3283
80 939.959000 107.917000 2837
81 939.577000 107.642000 2677
82 944.155000 107.484000 2324
83 940.516000 107.401000 1909
84 939.997000 107.226000 1783
85 939.886000 106.997000 1784
86 940.148000 106.811000 1711
87 939.258000 106.689000 1526
88 939.923000 106.659000 1205
89 938.823000 106.501000 1206
90 939.868000 106.468000 970
91 939.280000 106.430000 804
92 939.592000 106.353000 757
93 940.144000 106.427000 716
94 938.754000 106.304000 724
95 939.455000 106.259000 634
96 939.816000 106.255000 483
97 939.491000 106.185000 485
98 940.120000 106.159000 416
99 939.863000 106.088000 421
100 939.729000 106.168000 476
101 939.277000 106.074000 485
102 940.010000 106.101000 418
103 939.963000 106.050000 416
104 939.529000 106.033000 345
105 939.970000 106.104000 399
106 939.851000 106.161000 413
107 939.633000 106.177000 343
108 940.643000 106.263000 430
109 4876.626000 106.537000 869
110 5842.165000 116.578000 20735
111 5167.813000 125.386000 33167
112 1578.720000 124.303000 27042
113 995.184000 122.775000 23337
114 990.656000 121.137000 20779
115 993.587000 119.705000 18447
116 980.361000 118.424000 16398
117 941.180000 117.096000 14953
118 939.123000 115.683000 14042
119 939.436000 114.443000 13011
120 939.761000 113.358000 11928
121 939.212000 112.405000 10853
122 939.279000 111.538000 9874
123 939.892000 110.853000 8775
124 939.515000 110.181000 7926
125 938.765000 109.590000 7125
126 939.369000 109.078000 6369
127 939.077000 108.628000 5675
128 938.887000 108.231000 5052
129 939.193000 107.969000 4312
130 940.089000 107.778000 3616
131 1248.415000 107.616000 3036
132 939.826000 107.361000 2788
133 944.763000 107.164000 2485
134 939.258000 107.012000 2167
135 938.325000 106.814000 2021
136 939.315000 106.643000 1858
137 938.670000 106.480000 1719
138 939.235000 106.457000 1336
139 940.163000 106.464000 1016
140 941.022000 106.435000 819
141 945.277000 106.832000 1409
142 941.734000 107.063000 1518
143 941.799000 107.285000 1583
144 940.297000 107.248000 1260
145 939.427000 107.036000 1274
146 939.848000 106.909000 1209
147 1243.510000 106.896000 934
148 940.164000 106.918000 744
149 939.394000 106.778000 756
150 940.643000 106.657000 763
151 940.464000 106.671000 599
152 939.272000 106.602000 588
153 941.008000 106.585000 474
154 939.698000 106.542000 442
155 939.220000 106.480000 444
156 940.553000 106.513000 398
157 939.834000 106.473000 379
158 940.448000 106.448000 334
159 940.083000 106.448000 251
160 2301.509000 106.431000 222
161 3448.377000 116.437000 20180
162 1495.218000 116.476000 15213
163 1141.511000 116.493000 11444
164 941.409000 115.416000 10738
165 942.417000 114.310000 10264
166 938.876000 113.195000 9929
167 939.386000 112.252000 9332
168 939.954000 111.514000 8477
169 940.818000 110.883000 7619
170 939.814000 110.230000 7020
171 939.698000 109.729000 6266
172 941.548000 109.263000 5632
173 939.748000 108.905000 4940
174 940.570000 108.637000 4240
175 940.511000 108.390000 3675
176 940.031000 108.122000 3292
177 1244.713000 107.787000 3139
178 944.939000 107.613000 2702
179 939.475000 107.483000 2287
180 939.456000 107.353000 1975
181 939.875000 107.162000 1865
182 940.006000 107.048000 1625
183 5191.956000 107.029000 1257
184 6154.496000 117.029000 20941
185 1854.563000 122.445000 26539
186 943.359000 120.783000 23228
187 942.047000 119.354000 20279
188 939.478000 117.744000 18430
189 940.641000 116.309000 16691
190 939.150000 115.055000 15027
191 940.047000 114.032000 13316
192 941.060000 113.039000 11974
193 939.669000 112.146000 10767
194 940.290000 111.406000 9554
195 938.957000 110.702000 8573
196 941.319000 110.185000 7465
197 939.899000 109.639000 6690
198 939.496000 109.153000 5990
199 939.597000 108.766000 5266
200 939.287000 108.335000 4811
[FINAL]:
Client Throughput=0.888403 Byte/s
AverageUPL=1238.436000
    AverageRTT=110.417000
    tcpi_retransmits=0
    tcpi_rto=312000
    tcpi_lost=0
    tcpi_retrans=0
    tcpi_snd_cwnd=18
    tcpi_snd_ssthresh=2147483647
    tcpi_total_retrans=0
cca=BBR, bf1=86, bf2=86, c2s=1 bytes, s2c=1000000 bytes, d1=1msms, d2=50msms, bw1=100Mbps, bw2=10Mbps
1 5754.294000 300.522000 151829
2 5701.310000 286.316000 142285
3 6013.871000 273.995000 131355
4 5705.188000 263.164000 120179
5 5688.010000 253.669000 109124
6 5701.572000 245.359000 98463
7 6013.990000 238.082000 88402
8 1889.622000 231.741000 78982
9 942.393000 216.467000 80332
10 942.190000 202.963000 81197
11 939.406000 190.779000 81706
12 938.834000 180.117000 81818
13 940.075000 170.946000 79704
14 939.545000 162.871000 75929
15 939.381000 155.696000 71295
16 940.139000 149.386000 66093
17 940.710000 144.058000 60225
18 939.935000 139.347000 54590
19 939.091000 135.206000 49225
20 938.950000 131.486000 44359
21 1245.036000 128.208000 39825
22 940.679000 125.552000 35181
23 940.152000 122.990000 31511
24 939.922000 120.944000 27724
25 940.553000 119.176000 24330
26 940.339000 117.597000 21404
27 939.835000 116.181000 18886
28 940.001000 114.938000 16650
29 940.086000 113.914000 14535
30 939.659000 112.987000 12756
31 942.871000 112.111000 11319
32 940.242000 111.454000 9803
33 941.017000 110.727000 8806
34 1144.497000 110.245000 7569
35 940.513000 109.803000 6561
36 940.239000 109.395000 5737
37 938.649000 108.909000 5274
38 940.050000 108.579000 4616
39 939.471000 108.232000 4155
40 940.127000 108.025000 3531
41 3462.215000 107.778000 3142
42 1491.225000 108.911000 4622
43 1495.879000 109.896000 5436
44 1035.082000 109.683000 4503
45 945.496000 109.392000 3959
46 940.019000 108.988000 3776
47 940.094000 108.721000 3366
48 1144.225000 108.516000 2935
49 940.729000 108.199000 2836
50 939.011000 107.891000 2742
51 939.622000 107.610000 2620
52 940.383000 107.478000 2228
53 940.309000 107.323000 1982
54 939.279000 107.188000 1757
55 940.739000 107.147000 1399
56 939.983000 106.975000 1393
57 939.693000 106.829000 1336
58 940.471000 106.802000 1057
59 939.906000 106.627000 1067
60 946.671000 106.579000 896
61 940.632000 106.542000 747
62 939.663000 106.426000 752
63 939.588000 106.366000 684
64 939.650000 106.270000 687
65 939.576000 106.315000 606
66 940.226000 106.322000 468
67 939.918000 106.359000 425
68 939.399000 106.288000 430
69 938.622000 106.193000 440
70 939.956000 106.226000 395
71 939.724000 106.185000 378
72 939.227000 106.159000 336
73 940.190000 106.242000 419
74 938.931000 106.201000 397
75 939.231000 106.167000 365
76 940.078000 106.114000 367
77 940.436000 106.186000 420
78 940.109000 106.238000 419
79 939.724000 106.198000 394
80 940.127000 106.138000 397
81 954.753000 106.176000 375
82 963.922000 106.197000 321
83 938.900000 106.169000 297
84 939.657000 106.235000 356
85 946.515000 106.291000 379
86 1243.607000 106.199000 390
87 940.364000 106.240000 373
88 943.582000 106.174000 378
89 1535.596000 172.528000 132990
90 940.265000 164.137000 116523
91 940.131000 156.867000 101933
92 940.776000 150.504000 89176
93 942.674000 144.967000 77955
94 940.394000 140.167000 68067
95 939.668000 135.928000 59528
96 939.670000 132.156000 52190
97 940.793000 128.919000 45616
98 939.093000 126.017000 40016
99 938.946000 123.534000 34978
100 941.337000 121.457000 30388
101 1246.271000 119.675000 26356
102 941.015000 117.993000 23131
103 940.249000 116.586000 20162
104 940.394000 115.279000 17734
105 940.068000 114.161000 15537
106 939.241000 113.128000 13718
107 939.474000 112.211000 12123
108 938.979000 111.449000 10617
109 941.650000 110.812000 9236
110 940.176000 110.325000 7901
111 939.829000 109.857000 6862
112 939.498000 109.386000 6088
113 940.875000 109.025000 5289
114 939.536000 108.658000 4700
115 940.613000 108.410000 4022
116 939.334000 108.011000 3814
117 939.904000 107.719000 3444
118 1145.415000 107.637000 2747
119 940.319000 107.547000 2240
120 939.855000 107.380000 2015
121 940.308000 107.313000 1646
122 945.188000 107.143000 1574
123 939.763000 107.069000 1328
124 940.840000 107.079000 1016
125 940.265000 106.939000 1020
126 940.156000 106.912000 817
127 939.950000 106.819000 799
128 940.457000 106.727000 784
129 940.032000 106.727000 589
130 940.106000 106.702000 493
131 939.783000 106.670000 432
132 940.215000 106.492000 463
133 939.284000 106.330000 489
134 939.794000 106.363000 433
135 939.212000 106.305000 434
136 940.356000 106.333000 383
137 940.171000 106.389000 398
138 940.463000 106.422000 364
139 940.064000 106.399000 319
140 939.766000 106.345000 322
141 939.727000 106.313000 306
142 939.666000 106.194000 326
143 940.031000 106.232000 321
144 940.376000 106.263000 302
145 943.132000 106.685000 1071
146 939.874000 106.667000 840
147 940.076000 106.561000 840
148 939.696000 106.491000 770
149 938.699000 106.406000 747
150 940.435000 106.426000 600
151 939.748000 106.447000 492
152 940.002000 106.367000 496
153 939.982000 106.291000 500
154 939.074000 106.195000 508
155 939.560000 106.189000 394
156 940.514000 106.137000 394
157 939.784000 106.072000 398
158 941.302000 106.124000 402
159 1244.148000 106.092000 364
160 939.754000 106.183000 454
161 939.134000 106.119000 455
162 939.693000 106.050000 458
163 4467.169000 113.626000 15495
164 1231.049000 114.013000 12396
165 959.979000 113.460000 10403
166 948.960000 112.974000 8775
167 1246.971000 112.253000 8023
168 940.924000 111.571000 7382
169 942.270000 110.982000 6714
170 940.396000 110.353000 6293
171 939.892000 109.873000 5680
172 939.773000 109.434000 5138
173 940.242000 109.062000 4598
174 939.486000 108.633000 4306
175 940.024000 108.368000 3759
176 940.580000 108.160000 3236
177 939.742000 107.933000 2882
178 939.959000 107.771000 2485
179 940.813000 107.685000 2036
180 939.778000 107.445000 2006
181 942.440000 107.332000 1730
182 940.471000 107.245000 1472
183 939.402000 107.089000 1417
184 4927.771000 106.972000 1297
185 6161.607000 116.975000 20979
186 2054.217000 118.555000 18894
187 1357.642000 118.323000 14635
188 946.513000 116.871000 13879
189 940.454000 115.610000 12932
190 940.470000 114.518000 11883
191 940.725000 113.415000 11118
192 942.355000 112.783000 9603
193 943.237000 112.051000 8667
194 941.404000 111.254000 8093
195 942.020000 110.691000 7197
196 940.756000 110.260000 6260
197 939.170000 109.682000 5850
198 949.333000 109.182000 5387
199 939.993000 108.772000 4860
200 939.499000 108.367000 4455
[FINAL]:
Client Throughput=0.819190 Byte/s
AverageUPL=1097.507000
    AverageRTT=109.167000
    tcpi_retransmits=0
    tcpi_rto=312000
    tcpi_lost=0
    tcpi_retrans=0
    tcpi_snd_cwnd=19
    tcpi_snd_ssthresh=2147483647
    tcpi_total_retrans=1
cca=BBR, bf1=173, bf2=173, c2s=1 bytes, s2c=1000000 bytes, d1=1msms, d2=50msms, bw1=100Mbps, bw2=10Mbps
1 1214.107000 208.162000 111387
2 940.134000 195.448000 108967
3 940.502000 184.228000 104165
4 940.582000 174.468000 97644
5 939.468000 165.893000 90383
6 939.603000 158.333000 82907
7 941.370000 151.769000 75309
8 939.827000 146.141000 67737
9 940.030000 141.178000 60729
10 940.065000 136.831000 54241
11 939.670000 132.964000 48416
12 939.990000 129.697000 42845
13 942.147000 126.799000 37929
14 939.799000 124.244000 33557
15 940.476000 122.045000 29567
16 1246.809000 120.006000 26251
17 4532.680000 118.314000 23073
18 6313.367000 126.896000 34468
19 5676.743000 134.395000 40850
20 2669.690000 141.000000 43846
21 1482.875000 137.842000 39201
22 1190.818000 135.080000 34924
23 945.271000 131.617000 33119
24 944.407000 128.487000 31099
25 943.149000 125.740000 28818
26 939.532000 123.264000 26566
27 941.232000 121.156000 24141
28 943.129000 119.495000 21427
29 942.111000 117.946000 19169
30 939.505000 116.469000 17331
31 941.034000 115.234000 15469
32 939.831000 114.035000 14000
33 939.761000 113.097000 12374
34 940.433000 112.220000 11035
35 940.137000 111.535000 9646
36 941.003000 111.020000 8265
37 939.760000 110.406000 7426
38 940.360000 109.949000 6485
39 939.200000 109.391000 5980
40 939.931000 108.938000 5390
41 939.099000 108.517000 4885
42 940.039000 108.225000 4247
43 939.306000 107.933000 3769
44 939.759000 107.752000 3189
45 1243.809000 107.510000 2876
46 941.870000 107.331000 2514
47 940.037000 107.140000 2268
48 940.369000 107.038000 1906
49 940.614000 107.004000 1497
50 938.940000 106.759000 1511
51 939.329000 106.647000 1359
52 939.747000 106.563000 1186
53 939.742000 106.474000 1068
54 939.467000 106.422000 905
55 939.476000 106.459000 754
56 939.974000 106.425000 635
57 940.764000 106.386000 554
58 939.683000 106.442000 528
59 940.230000 106.418000 446
60 939.387000 106.341000 451
61 939.698000 106.295000 430
62 3679.025000 106.260000 394
63 5462.496000 116.348000 20471
64 1455.963000 116.382000 15422
65 1251.437000 116.355000 11620
66 1254.150000 116.274000 8878
67 1019.038000 116.673000 7457
68 942.515000 115.681000 7472
69 939.507000 114.445000 7547
70 940.610000 113.467000 7556
71 939.868000 112.575000 7450
72 940.337000 111.899000 6939
73 940.153000 111.156000 6690
74 939.529000 110.530000 6272
75 940.495000 109.994000 5774
76 940.090000 109.515000 5289
77 940.579000 109.170000 4657
78 939.904000 108.726000 4381
79 939.226000 108.379000 3980
80 939.351000 108.024000 3695
81 940.025000 107.725000 3368
82 1145.270000 107.549000 2878
83 939.130000 107.235000 2788
84 941.782000 107.106000 2348
85 939.633000 107.057000 1860
86 938.982000 106.863000 1781
87 939.916000 106.793000 1476
88 940.089000 106.859000 1238
89 2794.446000 106.773000 1099
90 1491.381000 108.000000 3279
91 1836.626000 109.091000 4640
92 1430.085000 109.975000 5249
93 965.002000 109.406000 5076
94 940.823000 109.088000 4443
95 942.385000 108.801000 3905
96 940.401000 108.572000 3388
97 939.275000 108.192000 3301
98 939.638000 108.012000 2836
99 940.172000 107.778000 2595
100 940.398000 107.605000 2291
101 939.566000 107.435000 2060
102 940.615000 107.320000 1774
103 940.217000 107.235000 1501
104 939.261000 107.115000 1366
105 939.841000 107.037000 1180
106 940.151000 106.845000 1191
107 939.471000 106.779000 1026
108 939.866000 106.674000 980
109 940.028000 106.590000 902
110 940.394000 106.519000 820
111 939.835000 106.514000 623
112 940.238000 106.540000 520
113 1144.600000 106.577000 463
114 939.786000 106.440000 483
115 940.891000 106.430000 382
116 940.620000 106.433000 292
117 940.041000 106.397000 292
118 939.705000 106.293000 309
119 940.156000 106.299000 245
120 940.406000 106.323000 230
121 939.980000 106.241000 243
122 939.673000 106.204000 245
123 940.709000 106.211000 199
124 940.424000 106.263000 252
125 940.003000 106.277000 218
126 939.871000 106.261000 196
127 939.609000 106.258000 153
128 939.661000 106.304000 206
129 940.087000 106.311000 169
130 940.150000 106.311000 128
131 938.490000 106.103000 176
132 940.494000 106.161000 248
133 940.181000 106.152000 204
134 939.905000 106.179000 207
135 939.497000 106.126000 214
136 939.307000 106.105000 202
137 940.521000 106.228000 399
138 940.200000 106.200000 356
139 939.997000 106.243000 352
140 940.067000 106.300000 379
141 939.571000 106.114000 413
142 1144.247000 106.173000 429
143 939.533000 106.164000 340
144 939.772000 106.252000 431
145 939.848000 106.237000 352
146 2704.394000 106.182000 355
147 1483.877000 107.484000 2870
148 1086.444000 108.653000 4491
149 942.230000 108.572000 3531
150 940.850000 108.310000 3172
151 1248.340000 108.128000 2743
152 940.799000 107.920000 2474
153 939.961000 107.702000 2291
154 942.630000 107.602000 1919
155 940.340000 107.412000 1818
156 939.747000 107.226000 1737
157 939.715000 107.113000 1527
158 940.171000 106.977000 1417
159 940.268000 106.918000 1182
160 939.464000 106.847000 1029
161 939.997000 106.814000 838
162 939.787000 106.733000 790
163 938.856000 106.576000 805
164 939.863000 106.572000 610
165 939.788000 106.557000 488
166 1245.798000 106.480000 492
167 940.470000 106.518000 444
168 940.385000 106.547000 391
169 1705.461000 106.530000 327
170 3811.940000 116.572000 20329
171 1462.444000 116.635000 15373
172 973.400000 115.331000 14138
173 1245.030000 114.181000 12904
174 940.022000 113.245000 11550
175 940.324000 112.454000 10245
176 940.939000 111.819000 8952
177 939.687000 111.046000 8261
178 939.644000 110.490000 7308
179 940.063000 109.970000 6520
180 939.925000 109.524000 5783
181 943.388000 109.100000 5185
182 939.118000 108.681000 4727
183 939.940000 108.318000 4271
184 939.483000 108.087000 3664
185 940.192000 107.872000 3180
186 940.627000 107.585000 2957
187 939.756000 107.373000 2643
188 939.659000 107.174000 2380
189 940.097000 107.058000 2016
190 939.068000 106.825000 1978
191 940.076000 106.807000 1520
192 940.649000 106.836000 1197
193 940.236000 106.755000 1061
194 939.864000 106.632000 1042
195 939.263000 106.496000 1043
196 939.666000 106.279000 1065
197 939.323000 106.159000 1038
198 939.943000 106.171000 802
199 940.036000 106.191000 642
200 939.675000 106.161000 542
[FINAL]:
Client Throughput=0.886263 Byte/s
AverageUPL=1019.805000
    AverageRTT=107.453000
    tcpi_retransmits=0
    tcpi_rto=308000
    tcpi_lost=0
    tcpi_retrans=0
    tcpi_snd_cwnd=18
    tcpi_snd_ssthresh=2147483647
    tcpi_total_retrans=0
cca=BBR, bf1=346, bf2=346, c2s=1 bytes, s2c=1000000 bytes, d1=1msms, d2=50msms, bw1=100Mbps, bw2=10Mbps
1 1210.871000 214.867000 115347
2 939.683000 201.266000 113710
3 940.581000 189.406000 109003
4 941.013000 179.027000 102511
5 939.236000 169.826000 95285
6 939.577000 161.836000 87443
7 940.133000 154.888000 79480
8 939.512000 148.812000 71762
9 939.663000 143.457000 64532
10 940.309000 138.835000 57643
11 938.444000 134.672000 51558
12 941.029000 131.250000 45512
13 940.544000 128.226000 40181
14 3992.907000 125.381000 35826
15 5681.357000 131.834000 39776
16 5999.783000 138.736000 43636
17 5691.681000 144.763000 44781
18 5692.339000 150.116000 44292
19 5997.866000 154.700000 42387
20 5686.201000 158.763000 39916
21 3206.132000 162.319000 37048
22 1168.880000 156.619000 37315
23 975.540000 150.878000 37584
24 955.634000 145.655000 37715
25 940.421000 140.731000 37768
26 941.094000 136.505000 36777
27 939.856000 132.710000 35173
28 975.966000 129.324000 33152
29 939.248000 126.394000 30724
30 941.873000 123.858000 28115
31 966.007000 121.668000 25466
32 961.826000 120.989000 20458
33 941.066000 119.239000 18843
34 945.634000 117.603000 17405
35 939.676000 116.236000 15788
36 940.056000 115.011000 14291
37 954.257000 114.463000 11815
38 940.477000 113.448000 10889
39 969.846000 112.471000 10122
40 939.549000 111.543000 9448
41 939.323000 110.905000 8360
42 3639.704000 110.202000 7677
43 1455.272000 110.989000 7332
44 1017.102000 111.335000 6190
45 943.717000 111.073000 5166
46 941.108000 110.726000 4569
47 1268.392000 110.164000 4549
48 940.894000 109.737000 4267
49 939.787000 109.197000 4269
50 1476.927000 108.882000 3832
51 940.134000 108.563000 3512
52 938.885000 108.228000 3304
53 940.636000 107.984000 2964
54 939.917000 107.692000 2807
55 938.476000 107.327000 2811
56 939.921000 107.160000 2443
57 939.898000 107.105000 1941
58 939.385000 106.994000 1679
59 939.600000 106.953000 1340
60 939.732000 106.937000 1037
61 939.607000 106.892000 867
62 939.862000 106.743000 878
63 940.913000 106.617000 882
64 939.727000 106.491000 885
65 3333.821000 106.401000 843
66 1548.928000 113.650000 15130
67 1025.243000 113.120000 12408
68 1146.818000 112.536000 10474
69 939.038000 111.672000 9582
70 940.219000 111.130000 8271
71 939.748000 110.467000 7530
72 940.116000 109.937000 6706
73 939.609000 109.502000 5900
74 941.000000 109.331000 4769
75 939.977000 108.968000 4301
76 940.357000 108.691000 3781
77 940.218000 108.446000 3325
78 940.116000 108.229000 2927
79 939.857000 108.007000 2640
80 943.621000 107.797000 2401
81 940.639000 107.691000 2012
82 1244.109000 107.471000 1948
83 938.828000 107.239000 1925
84 939.619000 107.121000 1680
85 941.540000 107.035000 1432
86 939.352000 106.823000 1440
87 940.224000 106.737000 1252
88 939.118000 106.618000 1177
89 939.789000 106.514000 1090
90 939.910000 106.494000 858
91 940.600000 106.535000 726
92 940.227000 106.488000 639
93 939.802000 106.463000 528
94 940.048000 106.493000 456
95 940.018000 106.469000 391
96 940.219000 106.486000 326
97 940.096000 106.405000 336
98 940.558000 106.452000 346
99 1137.471000 106.424000 314
100 4035.175000 116.476000 20339
101 1499.499000 116.514000 15331
102 1493.059000 116.513000 11502
103 1487.471000 116.532000 8666
104 1487.359000 116.556000 6547
105 1492.507000 116.583000 4964
106 1491.329000 116.657000 3870
107 3917.287000 116.644000 2928
108 4096.328000 125.417000 19742
109 1439.873000 124.527000 16587
110 1418.124000 123.285000 14924
111 1013.577000 121.037000 15020
112 941.882000 119.285000 14768
113 939.880000 117.667000 14312
114 940.624000 116.204000 13660
115 940.477000 114.945000 12762
116 940.477000 113.882000 11698
117 940.564000 112.936000 10666
118 939.258000 112.062000 9748
119 939.470000 111.181000 9073
120 939.123000 110.488000 8190
121 940.276000 109.898000 7323
122 939.331000 109.451000 6385
123 939.901000 108.959000 5774
124 939.971000 108.562000 5124
125 939.425000 108.181000 4605
126 940.066000 107.945000 3925
127 940.173000 107.679000 3476
128 940.283000 107.541000 2884
129 939.769000 107.235000 2776
130 939.796000 107.139000 2273
131 940.358000 106.989000 2005
132 939.255000 106.854000 1773
133 939.810000 106.757000 1524
134 940.068000 106.687000 1282
135 939.639000 106.584000 1168
136 939.210000 106.477000 1091
137 940.153000 106.483000 830
138 939.439000 106.381000 827
139 939.943000 106.347000 687
140 939.453000 106.254000 689
141 939.578000 106.169000 686
142 939.173000 106.145000 563
143 939.713000 106.134000 444
144 939.330000 106.097000 407
145 939.543000 106.027000 412
146 1243.328000 106.046000 345
147 939.416000 106.021000 309
148 939.638000 106.000000 272
149 940.126000 106.048000 300
150 940.549000 106.133000 394
151 939.704000 106.080000 395
152 940.247000 106.135000 406
153 940.891000 106.113000 348
154 940.981000 106.050000 353
155 939.292000 106.002000 354
156 3596.291000 106.044000 349
157 1491.656000 107.373000 2920
158 1847.500000 108.519000 4482
159 1495.052000 109.595000 5514
160 1284.908000 110.520000 5985
161 942.962000 110.247000 5035
162 942.150000 109.879000 4512
163 940.938000 109.407000 4328
164 939.467000 109.017000 4027
165 939.556000 108.653000 3748
166 940.218000 108.364000 3388
167 940.879000 108.039000 3191
168 939.849000 107.796000 2880
169 939.763000 107.616000 2521
170 939.482000 107.414000 2293
171 940.067000 107.301000 1946
172 940.308000 107.219000 1624
173 939.925000 107.034000 1588
174 940.159000 106.903000 1453
175 939.636000 106.709000 1456
176 939.895000 106.624000 1263
177 939.568000 106.499000 1197
178 939.480000 106.460000 975
179 940.383000 106.435000 782
180 939.050000 106.237000 807
181 939.454000 106.271000 672
182 939.784000 106.311000 586
183 939.952000 106.317000 450
184 940.325000 106.319000 341
185 1245.369000 106.351000 321
186 940.032000 106.410000 358
187 939.671000 106.277000 380
188 940.316000 106.307000 345
189 941.626000 106.408000 460
190 940.185000 106.456000 441
191 939.372000 106.346000 454
192 940.313000 106.313000 408
193 940.246000 106.353000 387
194 941.927000 106.399000 383
195 940.181000 106.419000 326
196 940.065000 106.478000 364
197 1249.220000 106.381000 377
198 941.430000 106.500000 522
199 940.085000 106.513000 417
200 939.719000 106.406000 430
[FINAL]:
Client Throughput=0.797915 Byte/s
AverageUPL=1104.344000
    AverageRTT=109.019000
    tcpi_retransmits=0
    tcpi_rto=308000
    tcpi_lost=0
    tcpi_retrans=0
    tcpi_snd_cwnd=18
    tcpi_snd_ssthresh=2147483647
    tcpi_total_retrans=0
cca=CUBIC, bf1=21, bf2=21, c2s=1 bytes, s2c=1000000 bytes, d1=1msms, d2=50msms, bw1=100Mbps, bw2=10Mbps
1 2463.425000 216.025000 116107
2 2161.163000 202.353000 114425
3 2228.419000 190.308000 109908
4 5385.591000 187.593000 87861
5 5358.987000 187.487000 66109
6 5100.518000 187.416000 49722
7 5320.291000 187.397000 37331
8 5082.438000 187.309000 28173
9 2448.615000 187.315000 21142
10 1979.451000 178.512000 22682
11 2112.729000 169.646000 24190
12 1985.448000 162.091000 25323
13 1797.195000 155.135000 26270
14 1986.484000 149.144000 26947
15 2185.400000 143.835000 27432
16 1827.457000 139.196000 27734
17 1910.980000 135.148000 27879
18 2079.873000 131.584000 27899
19 2063.466000 128.494000 27105
20 2240.452000 125.702000 25912
21 1943.266000 123.362000 24114
22 3794.575000 121.264000 22282
23 2271.332000 129.480000 33144
24 1999.233000 126.643000 30533
25 2204.069000 124.210000 27765
26 1975.482000 122.145000 24954
27 1855.295000 120.355000 22296
28 1979.093000 118.624000 20184
29 2170.366000 117.028000 18329
30 1951.469000 115.686000 16432
31 1847.375000 114.557000 14581
32 1972.082000 113.552000 12946
33 2443.279000 112.711000 11392
34 2960.449000 121.990000 27102
35 1996.376000 121.333000 21640
36 2096.777000 119.775000 19346
37 1883.252000 118.252000 17555
38 2054.259000 116.928000 15814
39 2016.624000 115.644000 14429
40 2058.167000 114.467000 13176
41 2066.238000 113.457000 11901
42 2059.861000 112.593000 10654
43 2057.278000 111.838000 9500
44 2092.088000 111.137000 8527
45 2066.139000 110.710000 7250
46 2069.547000 110.356000 6146
47 2078.395000 109.922000 5478
48 2074.222000 109.570000 4812
49 2072.264000 109.337000 4075
50 2449.370000 109.086000 3557
51 5387.479000 118.838000 22170
52 5123.556000 127.356000 33664
53 2140.587000 126.040000 27878
54 2111.985000 124.886000 23218
55 2011.620000 123.147000 20891
56 2200.940000 121.538000 18886
57 2163.122000 119.741000 17758
58 2153.588000 118.334000 16133
59 2147.868000 117.034000 14701
60 2145.860000 115.834000 13424
61 2134.310000 114.779000 12178
62 2134.308000 113.999000 10694
63 2137.048000 113.035000 9948
64 2133.932000 112.321000 8890
65 2127.665000 111.694000 7921
66 2137.547000 110.997000 7335
67 2134.324000 110.488000 6519
68 2125.107000 110.006000 5854
69 2078.733000 109.606000 5189
70 1897.550000 109.146000 4812
71 2048.949000 108.800000 4303
72 2054.157000 108.526000 3774
73 2056.665000 108.293000 3296
74 2060.976000 108.155000 2748
75 4556.709000 108.058000 2255
76 3252.014000 117.930000 21435
77 2250.238000 117.997000 16211
78 2259.071000 118.141000 12445
79 2253.294000 117.886000 9844
80 2252.697000 117.749000 7657
81 2222.197000 117.618000 6005
82 2095.514000 116.594000 6073
83 2087.453000 115.411000 6179
84 2079.607000 114.615000 6185
85 2081.140000 113.679000 6225
86 2078.537000 112.920000 6189
87 2078.084000 112.322000 5837
88 2071.099000 111.741000 5539
89 2069.919000 111.173000 5290
90 2075.089000 110.607000 5099
91 2069.154000 110.192000 4655
92 2068.003000 109.813000 4250
93 2068.912000 109.282000 4248
94 2068.389000 109.032000 3687
95 2065.641000 108.700000 3429
96 2062.110000 108.618000 2736
97 2061.795000 108.303000 2682
98 2058.603000 108.109000 2400
99 2058.076000 107.944000 2130
100 2064.909000 107.745000 1994
101 2076.211000 107.737000 1513
102 2071.145000 107.761000 1183
103 2075.340000 107.766000 896
104 2075.457000 107.708000 787
105 2073.202000 107.779000 730
106 3977.614000 107.859000 709
107 2222.793000 109.261000 3336
108 2090.895000 109.326000 2632
109 2098.929000 109.328000 1977
110 2092.721000 109.269000 1599
111 2081.545000 109.013000 1613
112 2079.942000 108.935000 1366
113 2084.545000 108.870000 1156
114 2070.286000 108.840000 925
115 2068.984000 108.725000 925
116 2068.409000 108.411000 974
117 2073.080000 108.355000 842
118 2071.602000 108.216000 850
119 2065.815000 108.015000 874
120 2071.672000 107.937000 813
121 2066.087000 107.838000 807
122 2061.815000 107.742000 797
123 2067.411000 107.663000 755
124 2063.415000 107.450000 785
125 2065.595000 107.384000 721
126 2065.731000 107.413000 599
127 2071.020000 107.378000 521
128 3810.989000 107.442000 519
129 2852.737000 117.399000 20303
130 2105.728000 116.960000 16103
131 2074.840000 115.860000 14279
132 2079.780000 114.909000 12611
133 2069.442000 114.014000 11248
134 2065.924000 113.213000 10038
135 2064.462000 112.447000 9061
136 2066.098000 111.764000 8161
137 2067.268000 111.099000 7452
138 2066.850000 110.508000 6769
139 2062.081000 110.096000 5902
140 2061.214000 109.674000 5269
141 2063.312000 109.361000 4579
142 2073.256000 109.121000 3914
143 3114.124000 109.026000 3126
144 5343.412000 118.784000 21860
145 5413.841000 127.292000 33411
146 5332.212000 134.640000 39756
147 5356.690000 141.144000 42823
148 5386.546000 148.515000 46861
149 5169.969000 153.420000 44954
150 5335.060000 157.573000 42023
151 4498.503000 161.262000 38895
152 2004.975000 156.483000 38731
153 2120.912000 151.509000 38764
154 2073.164000 146.179000 38885
155 2085.029000 141.458000 38607
156 2077.767000 137.271000 37329
157 2070.810000 133.580000 35378
158 2067.975000 130.295000 33104
159 2075.168000 127.334000 30750
160 2069.026000 124.889000 27952
161 4138.745000 122.715000 25312
162 3128.127000 130.796000 35145
163 2161.086000 129.126000 29697
164 2097.944000 126.630000 27267
165 2065.313000 124.332000 25046
166 2077.877000 122.484000 22481
167 2085.693000 120.767000 20294
168 2085.355000 119.115000 18524
169 2084.450000 117.697000 16728
170 2079.763000 116.363000 15216
171 2070.405000 115.242000 13652
172 2074.158000 114.234000 12256
173 2073.722000 113.378000 10905
174 2073.856000 112.463000 10008
175 2069.519000 111.853000 8725
176 2058.695000 111.268000 7714
177 2063.109000 110.673000 6977
178 2066.016000 110.304000 5969
179 2071.756000 110.026000 5034
180 2074.479000 109.698000 4430
181 2071.457000 109.390000 3939
182 2065.813000 109.043000 3648
183 2069.435000 108.845000 3132
184 2068.077000 108.669000 2701
185 2280.988000 108.654000 2057
186 3180.835000 118.448000 21132
187 2256.282000 118.163000 16419
188 2122.963000 118.325000 12638
189 2067.560000 117.036000 12056
190 2075.187000 115.951000 11213
191 2082.655000 115.008000 10294
192 2082.404000 114.078000 9582
193 2082.830000 113.302000 8737
194 2079.737000 112.535000 8088
195 2079.803000 111.949000 7238
196 3057.962000 111.545000 6237
197 2529.382000 121.072000 23732
198 2111.576000 119.694000 20553
199 2123.297000 118.370000 18065
200 2082.673000 117.401000 15486
[FINAL]:
Client Throughput=0.414854 Byte/s
AverageUPL=2445.014000
    AverageRTT=117.431000
    tcpi_retransmits=0
    tcpi_rto=320000
    tcpi_lost=0
    tcpi_retrans=0
    tcpi_snd_cwnd=10
    tcpi_snd_ssthresh=2147483647
    tcpi_total_retrans=0
cca=CUBIC, bf1=43, bf2=43, c2s=1 bytes, s2c=1000000 bytes, d1=1msms, d2=50msms, bw1=100Mbps, bw2=10Mbps
1 1300.459000 211.544000 113251
2 967.914000 198.631000 110764
3 1141.424000 187.256000 105822
4 1064.249000 177.010000 99859
5 1038.855000 168.091000 92733
6 1022.399000 160.484000 84763
7 976.925000 153.671000 77197
8 1169.649000 147.590000 70061
9 1031.423000 142.441000 62844
10 971.115000 137.998000 56018
11 1171.815000 134.099000 49813
12 1034.989000 130.703000 44151
13 968.600000 127.737000 39044
14 1170.470000 125.073000 34612
15 1036.365000 122.764000 30577
16 972.471000 120.790000 26880
17 1171.460000 119.049000 23642
18 4143.231000 117.513000 20805
19 5342.190000 126.207000 32991
20 2694.946000 133.834000 39997
21 1432.633000 131.710000 34245
22 1286.259000 129.875000 29355
23 1048.622000 127.125000 27515
24 986.562000 124.676000 25535
25 1192.038000 122.541000 23422
26 1053.367000 120.835000 20979
27 969.136000 119.130000 19143
28 1171.383000 117.672000 17274
29 1037.558000 116.367000 15565
30 967.220000 115.151000 14106
31 1171.023000 114.126000 12628
32 1036.462000 113.297000 11129
33 969.194000 112.383000 10176
34 1172.351000 111.636000 9125
35 1030.920000 110.956000 8205
36 970.706000 110.471000 7124
37 1168.476000 109.926000 6432
38 1037.468000 109.527000 5622
39 968.522000 109.085000 5101
40 1172.835000 108.778000 4440
41 1030.794000 108.610000 3666
42 967.213000 108.327000 3314
43 1175.452000 108.074000 2993
44 1032.583000 107.913000 2566
45 969.073000 107.794000 2162
46 1169.521000 107.672000 1866
47 1033.623000 107.555000 1634
48 1450.671000 107.406000 1524
49 5310.404000 117.384000 21101
50 5299.477000 124.122000 29301
51 5404.592000 131.959000 37649
52 1671.450000 138.827000 41974
53 1214.857000 136.067000 37000
54 989.514000 132.665000 34554
55 1195.840000 129.665000 31917
56 1036.996000 126.839000 29589
57 977.092000 124.421000 27028
58 1187.254000 122.241000 24630
59 1037.896000 120.422000 22111
60 967.778000 118.789000 19849
61 1173.629000 117.174000 18118
62 1026.032000 115.951000 16034
63 969.446000 114.829000 14270
64 1170.917000 113.820000 12719
65 1034.857000 113.018000 11143
66 970.243000 112.324000 9746
67 1172.161000 111.616000 8726
68 1032.653000 111.017000 7742
69 969.323000 110.419000 7002
70 1169.509000 109.993000 6104
71 1034.578000 109.467000 5630
72 970.381000 109.151000 4854
73 1172.859000 108.878000 4186
74 1031.595000 108.547000 3802
75 970.204000 108.332000 3282
76 1169.420000 108.128000 2869
77 1031.153000 107.890000 2628
78 969.259000 107.755000 2240
79 1175.119000 107.646000 1900
80 1031.814000 107.502000 1712
81 967.665000 107.290000 1707
82 1171.633000 107.152000 1558
83 1031.808000 107.115000 1242
84 967.314000 107.028000 1106
85 1175.526000 106.926000 1032
86 1028.952000 106.862000 903
87 968.403000 106.780000 842
88 1168.385000 106.688000 816
89 1035.251000 106.731000 699
90 969.452000 106.673000 641
91 1171.374000 106.666000 493
92 1034.729000 106.591000 497
93 969.843000 106.584000 387
94 1169.548000 106.455000 407
95 1030.852000 106.376000 414
96 970.649000 106.463000 484
97 1169.972000 106.377000 490
98 1030.344000 106.417000 447
99 968.630000 106.355000 448
100 1167.855000 106.378000 381
101 1034.451000 106.469000 468
102 969.698000 106.539000 492
103 1173.198000 106.505000 437
104 1030.661000 106.586000 489
105 968.644000 106.541000 458
106 1167.592000 106.581000 424
107 1034.843000 106.564000 352
108 968.729000 106.518000 352
109 1171.529000 106.514000 274
110 1033.469000 106.476000 275
111 969.786000 106.540000 332
112 1174.345000 106.591000 353
113 1030.424000 106.700000 483
114 970.040000 106.699000 364
115 1170.986000 106.664000 344
116 1036.939000 106.639000 307
117 968.404000 106.677000 306
118 1168.488000 106.657000 270
119 1035.059000 106.690000 269
120 970.704000 106.743000 308
121 1174.444000 106.616000 330
122 1032.912000 106.773000 562
123 969.916000 106.659000 572
124 1169.926000 106.573000 576
125 1029.826000 106.458000 587
126 967.137000 106.426000 502
127 1173.620000 106.354000 504
128 1030.595000 106.373000 416
129 971.027000 106.410000 385
130 1169.985000 106.434000 338
131 1030.455000 106.550000 484
132 968.014000 106.530000 403
133 1167.753000 106.451000 410
134 1033.997000 106.389000 413
135 969.018000 106.330000 415
136 1171.787000 106.334000 320
137 1031.305000 106.391000 353
138 968.755000 106.351000 343
139 1171.515000 106.369000 292
140 1030.314000 106.416000 312
141 971.102000 106.434000 270
142 1170.262000 106.394000 272
143 1030.864000 106.371000 250
144 967.225000 106.302000 259
145 3673.796000 106.284000 231
146 1719.588000 107.544000 2693
147 1427.784000 107.619000 2170
148 1152.664000 107.729000 1849
149 961.783000 107.644000 1557
150 1045.746000 107.512000 1431
151 1195.558000 107.521000 1090
152 1119.238000 107.343000 1100
153 1096.614000 107.402000 942
154 1055.117000 107.341000 829
155 1007.538000 107.302000 698
156 961.830000 107.301000 527
157 1145.422000 107.196000 536
158 1025.235000 107.113000 540
159 955.830000 107.078000 475
160 1144.034000 106.954000 491
161 1057.580000 106.911000 456
162 952.655000 106.904000 356
163 1140.673000 106.768000 378
164 1029.840000 106.678000 389
165 952.003000 106.734000 402
166 1144.929000 106.665000 407
167 1017.128000 106.629000 376
168 952.573000 106.661000 347
169 1142.316000 106.612000 348
170 1018.989000 106.660000 356
171 949.244000 106.553000 372
172 1140.302000 106.459000 383
173 1019.649000 106.466000 301
174 952.867000 106.498000 289
175 1143.207000 106.535000 291
176 1014.854000 106.539000 226
177 950.468000 106.372000 260
178 1143.455000 106.341000 257
179 1015.401000 106.324000 227
180 952.975000 106.232000 243
181 2244.668000 106.261000 240
182 5361.185000 116.310000 20277
183 5329.316000 123.576000 29741
184 5315.101000 131.504000 38161
185 4018.135000 138.456000 42526
186 1417.495000 135.711000 37385
187 1436.551000 133.325000 32810
188 1428.823000 131.252000 28755
189 1425.263000 129.417000 25236
190 1290.230000 127.837000 22086
191 1045.674000 125.407000 21425
192 995.476000 123.333000 20217
193 1185.392000 121.494000 18840
194 1036.230000 119.648000 17822
195 973.629000 118.070000 16524
196 1173.766000 116.632000 15267
197 1035.263000 115.364000 13986
198 968.228000 114.166000 12887
199 1173.123000 113.097000 11803
200 1030.421000 112.188000 10670
[FINAL]:
Client Throughput=0.776687 Byte/s
AverageUPL=1276.825000
    AverageRTT=109.880000
    tcpi_retransmits=0
    tcpi_rto=316000
    tcpi_lost=0
    tcpi_retrans=0
    tcpi_snd_cwnd=10
    tcpi_snd_ssthresh=2147483647
    tcpi_total_retrans=0
cca=CUBIC, bf1=86, bf2=86, c2s=1 bytes, s2c=1000000 bytes, d1=1msms, d2=50msms, bw1=100Mbps, bw2=10Mbps
1 1242.782000 215.312000 115676
2 939.739000 201.680000 114021
3 941.209000 189.864000 109149
4 941.381000 179.361000 102867
5 941.599000 170.273000 95327
6 941.353000 162.294000 87452
7 941.860000 155.372000 79433
8 941.084000 149.169000 71981
9 941.582000 143.876000 64573
10 943.863000 139.152000 57876
11 941.430000 135.036000 51639
12 940.389000 131.384000 46033
13 939.258000 128.119000 41056
14 940.941000 125.360000 36310
15 940.315000 123.031000 31891
16 1224.453000 120.997000 27986
17 941.281000 119.134000 24715
18 940.253000 117.583000 21639
19 939.949000 116.107000 19180
20 940.559000 114.964000 16671
21 940.224000 113.949000 14535
22 939.546000 113.034000 12729
23 939.829000 112.233000 11150
24 940.471000 111.570000 9688
25 940.495000 110.857000 8693
26 941.575000 110.332000 7570
27 3787.796000 109.755000 6830
28 3279.507000 119.425000 24462
29 1054.130000 119.469000 18433
30 950.536000 118.024000 16715
31 945.613000 116.795000 14994
32 939.791000 115.502000 13831
33 940.816000 114.420000 12537
34 941.204000 113.332000 11580
35 941.926000 112.539000 10271
36 941.050000 111.819000 9142
37 939.868000 111.155000 8186
38 941.275000 110.563000 7323
39 940.741000 110.166000 6286
40 940.910000 109.746000 5554
41 940.023000 109.321000 5015
42 940.137000 109.014000 4376
43 940.180000 108.712000 3886
44 939.026000 108.376000 3587
45 941.276000 108.225000 2992
46 940.742000 107.984000 2727
47 941.234000 107.806000 2399
48 940.039000 107.544000 2324
49 950.384000 107.470000 1890
50 940.665000 107.333000 1693
51 939.869000 107.224000 1487
52 939.627000 107.138000 1288
53 2373.331000 106.983000 1276
54 5373.199000 116.967000 20925
55 2018.361000 125.876000 33513
56 941.385000 123.555000 29777
57 941.084000 121.430000 26583
58 941.365000 119.533000 23730
59 941.863000 117.952000 20961
60 939.613000 116.528000 18568
61 941.113000 115.283000 16416
62 941.760000 114.199000 14481
63 940.651000 113.131000 12996
64 941.970000 112.299000 11412
65 940.661000 111.580000 9997
66 940.910000 110.874000 8909
67 940.084000 110.422000 7587
68 940.482000 109.873000 6787
69 941.539000 109.472000 5893
70 940.462000 109.039000 5284
71 940.246000 108.739000 4564
72 939.737000 108.312000 4277
73 940.648000 108.109000 3614
74 941.749000 107.939000 3051
75 941.189000 107.810000 2546
76 940.100000 107.677000 2176
77 951.274000 107.494000 1996
78 941.479000 107.429000 1628
79 940.151000 107.310000 1459
80 940.783000 107.275000 1164
81 942.839000 107.242000 940
82 939.089000 107.052000 958
83 939.746000 106.965000 892
84 941.816000 106.950000 699
85 939.386000 106.903000 618
86 941.302000 106.908000 472
87 940.636000 106.805000 482
88 938.954000 106.709000 491
89 950.127000 106.713000 376
90 941.223000 106.707000 294
91 940.853000 106.677000 280
92 939.285000 106.613000 287
93 940.094000 106.661000 311
94 939.380000 106.561000 326
95 940.012000 106.556000 255
96 942.135000 106.508000 259
97 939.872000 106.516000 210
98 940.071000 106.543000 211
99 940.551000 106.488000 218
100 939.964000 106.477000 185
101 939.834000 106.455000 184
102 941.600000 106.388000 195
103 941.417000 106.371000 181
104 940.610000 106.422000 238
105 951.293000 106.395000 233
106 941.960000 106.477000 338
107 941.386000 106.489000 278
108 940.553000 106.484000 219
109 939.509000 106.390000 235
110 939.795000 106.336000 241
111 940.665000 106.430000 368
112 943.932000 106.326000 382
113 939.888000 106.326000 287
114 939.973000 106.314000 239
115 940.422000 106.271000 242
116 939.841000 106.251000 223
117 949.924000 106.300000 267
118 940.672000 106.317000 235
119 939.587000 106.341000 223
120 941.412000 106.308000 225
121 939.597000 106.236000 235
122 940.199000 106.266000 235
123 939.932000 106.270000 184
124 942.077000 106.402000 403
125 939.798000 106.479000 456
126 940.535000 106.374000 467
127 941.254000 106.424000 449
128 5270.905000 106.540000 569
129 5321.107000 116.512000 20371
130 5405.559000 125.347000 32949
131 5338.165000 132.982000 39982
132 5295.529000 139.747000 43515
133 5373.598000 145.647000 44436
134 4834.861000 148.882000 39797
135 5297.961000 154.458000 41001
136 5373.623000 158.561000 38957
137 4242.612000 162.114000 36323
138 948.468000 155.274000 36897
139 947.752000 149.306000 37236
140 940.190000 143.861000 37434
141 939.232000 139.063000 37464
142 940.048000 135.011000 36202
143 940.497000 131.378000 34416
144 941.570000 128.320000 31928
145 941.437000 125.606000 29374
146 942.009000 123.291000 26660
147 941.801000 121.171000 24236
148 941.955000 119.404000 21711
149 939.810000 117.686000 19719
150 944.220000 116.341000 17480
151 941.141000 115.088000 15616
152 941.512000 114.086000 13715
153 939.583000 113.164000 12130
154 941.703000 112.383000 10661
155 940.884000 111.636000 9489
156 941.694000 110.950000 8488
157 2719.927000 110.466000 7335
158 1429.127000 111.223000 7015
159 1389.883000 111.903000 6622
160 949.989000 111.374000 6025
161 942.624000 110.877000 5514
162 940.213000 110.452000 4984
163 942.596000 109.956000 4730
164 942.720000 109.768000 3923
165 940.113000 109.386000 3707
166 940.731000 108.996000 3561
167 950.178000 108.611000 3440
168 941.051000 108.242000 3318
169 941.237000 107.985000 3002
170 940.873000 107.719000 2785
171 940.735000 107.538000 2451
172 941.739000 107.496000 1921
173 939.337000 107.275000 1882
174 941.524000 107.080000 1802
175 939.901000 106.993000 1526
176 940.398000 106.843000 1445
177 939.365000 106.779000 1211
178 940.684000 106.760000 947
179 941.144000 106.658000 914
180 939.411000 106.542000 914
181 940.004000 106.549000 698
182 940.005000 106.535000 552
183 939.744000 106.507000 470
184 939.987000 106.443000 471
185 939.929000 106.508000 483
186 939.805000 106.479000 420
187 940.761000 106.487000 331
188 940.804000 106.556000 385
189 940.825000 106.535000 330
190 940.949000 106.520000 278
191 939.955000 106.539000 246
192 941.246000 106.511000 241
193 939.822000 106.488000 225
194 1129.105000 106.619000 430
195 2698.899000 116.688000 20461
196 1380.697000 116.693000 15356
197 1436.198000 116.670000 11563
198 1432.926000 116.678000 8689
199 1437.194000 116.704000 6568
200 1414.065000 116.746000 5009
[FINAL]:
Client Throughput=0.798334 Byte/s
AverageUPL=1435.355000
    AverageRTT=114.440000
    tcpi_retransmits=0
    tcpi_rto=320000
    tcpi_lost=0
    tcpi_retrans=0
    tcpi_snd_cwnd=10
    tcpi_snd_ssthresh=2147483647
    tcpi_total_retrans=0
cca=CUBIC, bf1=173, bf2=173, c2s=1 bytes, s2c=1000000 bytes, d1=1msms, d2=50msms, bw1=100Mbps, bw2=10Mbps
1 1249.091000 219.901000 117477
2 968.802000 205.915000 116079
3 961.340000 193.758000 111373
4 962.858000 183.281000 104485
5 959.703000 173.885000 97155
6 959.219000 165.664000 89309
7 963.159000 158.465000 81379
8 963.148000 152.163000 73639
9 957.919000 146.527000 66501
10 967.879000 141.972000 58986
11 942.154000 137.627000 52929
12 940.017000 133.758000 47434
13 940.034000 130.284000 42525
14 941.452000 127.232000 37997
15 939.844000 124.545000 33872
16 941.621000 122.246000 30002
17 940.017000 120.140000 26714
18 940.938000 118.366000 23583
19 940.634000 116.727000 20965
20 941.610000 115.469000 18240
21 939.456000 114.316000 15987
22 940.743000 113.255000 14111
23 938.601000 112.246000 12602
24 939.013000 111.330000 11283
25 940.642000 110.592000 9938
26 939.977000 110.040000 8557
27 939.906000 109.502000 7495
28 939.626000 109.018000 6590
29 940.535000 108.528000 5922
30 941.579000 108.248000 5001
31 939.096000 107.836000 4574
32 940.536000 107.513000 4076
33 4070.381000 107.203000 3678
34 5071.113000 115.229000 18811
35 5154.822000 122.275000 28200
36 5374.963000 128.448000 33497
37 5405.009000 133.942000 36109
38 5378.557000 138.627000 36453
39 5264.382000 142.734000 35553
40 5435.548000 146.292000 33781
41 5233.417000 151.407000 35567
42 5410.036000 155.873000 35606
43 5219.515000 157.867000 30694
44 5389.120000 159.561000 26407
45 3444.973000 161.623000 23929
46 1150.608000 156.075000 24568
47 1061.197000 150.442000 25208
48 1051.224000 145.538000 25646
49 1060.555000 141.241000 25919
50 942.402000 137.094000 26146
51 941.422000 133.383000 26257
52 943.181000 130.237000 25983
53 941.545000 127.229000 25504
54 939.419000 124.470000 24646
55 941.465000 122.156000 23112
56 941.511000 120.164000 21319
57 943.100000 118.364000 19589
58 953.884000 116.864000 17691
59 940.472000 115.454000 16088
60 940.798000 114.216000 14543
61 940.755000 113.139000 13061
62 940.607000 112.253000 11568
63 941.298000 111.478000 10226
64 940.924000 110.775000 9075
65 940.511000 110.133000 8090
66 940.738000 109.554000 7227
67 941.421000 109.120000 6288
68 939.297000 108.629000 5697
69 939.528000 108.279000 4974
70 939.441000 107.946000 4395
71 940.440000 107.596000 3996
72 938.781000 107.321000 3548
73 940.529000 107.156000 2992
74 939.744000 106.987000 2580
75 2647.528000 106.791000 2327
76 1439.665000 108.021000 4205
77 1387.690000 108.870000 4852
78 1312.199000 109.853000 5604
79 941.636000 109.559000 4790
80 941.296000 109.248000 4214
81 941.070000 108.831000 3995
82 940.274000 108.472000 3715
83 940.753000 108.202000 3326
84 940.950000 107.935000 3029
85 940.056000 107.667000 2808
86 941.142000 107.428000 2583
87 940.837000 107.255000 2283
88 940.569000 107.042000 2139
89 940.554000 106.884000 1920
90 940.477000 106.719000 1769
91 939.611000 106.606000 1553
92 938.581000 106.468000 1442
93 940.261000 106.415000 1188
94 938.713000 106.279000 1162
95 939.353000 106.155000 1119
96 940.671000 106.108000 934
97 939.246000 106.044000 828
98 940.070000 106.019000 672
99 940.913000 105.970000 601
100 940.497000 106.010000 532
101 940.519000 105.900000 542
102 5308.929000 105.892000 423
103 5236.438000 116.029000 20591
104 5370.857000 122.843000 29071
105 2181.751000 130.863000 37843
106 941.569000 128.071000 33966
107 942.385000 125.465000 30688
108 941.417000 123.148000 27649
109 939.540000 120.908000 25217
110 940.750000 118.971000 22786
111 941.248000 117.347000 20339
112 939.652000 115.882000 18184
113 939.384000 114.631000 16140
114 938.721000 113.470000 14427
115 939.527000 112.500000 12761
116 939.378000 111.686000 11198
117 939.535000 110.956000 9857
118 939.203000 110.256000 8795
119 939.709000 109.684000 7738
120 940.270000 109.232000 6708
121 939.811000 108.735000 6026
122 940.607000 108.402000 5185
123 940.163000 108.040000 4612
124 940.037000 107.735000 4069
125 939.922000 107.500000 3522
126 941.368000 107.337000 2968
127 940.399000 107.227000 2446
128 941.715000 107.196000 1897
129 940.141000 107.108000 1597
130 1782.244000 106.938000 1539
131 941.887000 106.979000 1237
132 943.554000 107.161000 1293
133 940.681000 107.037000 1218
134 939.745000 106.918000 1152
135 940.404000 106.727000 1163
136 940.887000 106.613000 1101
137 939.555000 106.506000 1040
138 940.975000 106.367000 1042
139 939.426000 106.310000 896
140 940.911000 106.288000 717
141 940.271000 106.212000 688
142 941.180000 106.165000 611
143 939.745000 106.141000 507
144 939.039000 106.102000 457
145 940.635000 106.014000 465
146 940.839000 105.961000 453
147 939.711000 106.037000 492
148 940.879000 105.989000 466
149 939.973000 105.962000 403
150 940.423000 105.943000 340
151 940.677000 105.872000 347
152 940.877000 105.849000 305
153 939.564000 105.800000 307
154 941.110000 105.818000 265
155 3629.415000 109.406000 7377
156 1440.752000 110.308000 7335
157 953.495000 110.296000 5525
158 950.078000 110.014000 4708
159 941.875000 109.805000 3949
160 940.639000 109.384000 3803
161 941.541000 109.019000 3582
162 941.784000 108.708000 3308
163 942.503000 108.561000 2776
164 940.573000 108.327000 2549
165 942.093000 108.211000 2145
166 941.314000 107.898000 2156
167 939.839000 107.690000 2033
168 941.176000 107.535000 1835
169 939.974000 107.349000 1749
170 939.598000 107.225000 1560
171 941.291000 107.035000 1549
172 940.141000 106.922000 1387
173 940.433000 106.801000 1283
174 940.030000 106.717000 1131
175 939.476000 106.542000 1140
176 940.061000 106.510000 919
177 941.047000 106.514000 699
178 940.114000 106.493000 567
179 940.941000 106.408000 571
180 940.573000 106.330000 572
181 3473.594000 106.246000 575
182 1444.724000 107.618000 3177
183 1445.072000 108.817000 4781
184 1306.517000 109.853000 5658
185 949.638000 109.767000 4416
186 940.837000 109.482000 3882
187 940.956000 109.217000 3442
188 941.209000 108.898000 3220
189 939.415000 108.530000 3150
190 938.455000 108.101000 3159
191 940.168000 107.873000 2826
192 939.446000 107.550000 2765
193 939.576000 107.325000 2524
194 940.854000 107.183000 2177
195 939.367000 106.982000 2034
196 939.535000 106.865000 1761
197 940.769000 106.840000 1369
198 940.759000 106.709000 1290
199 938.900000 106.472000 1308
200 941.272000 106.418000 1090
[FINAL]:
Client Throughput=0.745763 Byte/s
AverageUPL=1163.519000
    AverageRTT=109.134000
    tcpi_retransmits=0
    tcpi_rto=308000
    tcpi_lost=0
    tcpi_retrans=0
    tcpi_snd_cwnd=10
    tcpi_snd_ssthresh=2147483647
    tcpi_total_retrans=0
cca=CUBIC, bf1=346, bf2=346, c2s=1 bytes, s2c=1000000 bytes, d1=1msms, d2=50msms, bw1=100Mbps, bw2=10Mbps
1 1185.752000 207.533000 110972
2 941.145000 194.821000 108654
3 939.817000 183.648000 103836
4 940.320000 173.985000 97203
5 938.941000 165.395000 90082
6 939.313000 157.876000 82600
7 941.467000 151.404000 74895
8 940.852000 145.620000 67737
9 938.272000 140.576000 60891
10 940.764000 136.179000 54462
11 940.658000 132.447000 48312
12 940.738000 129.163000 42801
13 940.616000 126.213000 38002
14 940.753000 123.571000 33785
15 1790.759000 123.387000 25707
16 946.067000 121.343000 23368
17 943.499000 119.640000 20932
18 941.704000 118.034000 18911
19 940.188000 116.476000 17300
20 940.620000 115.076000 15773
21 942.165000 114.072000 13838
22 941.112000 113.021000 12482
23 940.494000 112.029000 11345
24 940.064000 111.185000 10196
25 940.851000 110.536000 8945
26 939.829000 109.900000 7981
27 1222.938000 144.788000 75761
28 940.659000 139.836000 66723
29 940.138000 135.461000 58793
30 940.486000 131.682000 51652
31 941.248000 128.522000 45061
32 940.943000 125.711000 39416
33 940.048000 123.145000 34695
34 957.369000 121.023000 30264
35 941.261000 119.113000 26518
36 2896.276000 117.406000 23303
37 1019.997000 117.318000 17653
38 951.386000 116.039000 15798
39 948.220000 114.925000 14077
40 943.892000 113.971000 12466
41 941.876000 113.038000 11215
42 940.907000 112.226000 10035
43 940.889000 111.478000 9023
44 942.594000 110.831000 8061
45 941.989000 110.365000 6978
46 940.888000 109.749000 6466
47 940.817000 109.259000 5828
48 941.518000 108.801000 5288
49 940.979000 108.403000 4761
50 940.601000 107.991000 4395
51 940.768000 107.722000 3835
52 941.279000 107.476000 3368
53 941.118000 107.268000 2941
54 939.869000 107.071000 2600
55 939.897000 106.894000 2305
56 939.845000 106.719000 2078
57 941.907000 106.614000 1768
58 940.618000 106.436000 1684
59 939.846000 106.348000 1437
60 940.206000 106.219000 1336
61 941.258000 106.207000 1026
62 940.976000 106.171000 843
63 941.103000 106.099000 774
64 941.786000 106.054000 671
65 940.667000 105.944000 677
66 941.158000 105.902000 593
67 940.921000 105.884000 479
68 940.669000 105.861000 407
69 940.295000 105.762000 419
70 941.612000 105.816000 422
71 3646.747000 105.773000 402
72 1113.468000 107.142000 3039
73 947.059000 107.146000 2288
74 942.583000 107.133000 1741
75 941.626000 107.100000 1373
76 941.502000 106.963000 1303
77 941.116000 106.793000 1305
78 940.017000 106.559000 1323
79 940.267000 106.411000 1287
80 940.522000 106.330000 1128
81 940.976000 106.316000 874
82 940.206000 106.275000 737
83 940.546000 106.182000 738
84 940.616000 106.083000 739
85 941.067000 106.042000 637
86 940.782000 105.988000 585
87 940.949000 105.958000 498
88 942.154000 105.983000 422
89 941.342000 105.988000 328
90 940.961000 105.921000 334
91 939.931000 105.898000 297
92 941.088000 105.935000 296
93 941.543000 105.965000 284
94 941.075000 105.968000 219
95 941.276000 105.947000 207
96 941.189000 105.923000 204
97 941.121000 105.886000 207
98 940.944000 105.838000 212
99 940.187000 105.789000 217
100 940.432000 105.765000 211
101 939.470000 105.664000 230
102 940.700000 105.631000 230
103 941.149000 105.770000 452
104 940.189000 105.751000 378
105 940.748000 105.718000 349
106 940.255000 105.666000 351
107 939.950000 105.580000 361
108 940.752000 105.537000 358
109 941.701000 105.590000 373
110 940.343000 105.565000 329
111 940.461000 105.515000 331
112 941.523000 105.579000 377
113 940.202000 105.509000 382
114 940.049000 105.404000 397
115 940.536000 105.482000 455
116 941.161000 105.543000 463
117 940.305000 105.539000 357
118 941.387000 105.560000 311
119 3674.676000 105.592000 297
120 1460.899000 106.984000 3006
121 1276.694000 108.192000 4670
122 941.842000 108.003000 3879
123 942.885000 107.906000 3104
124 942.053000 107.800000 2541
125 940.270000 107.502000 2500
126 939.776000 107.243000 2395
127 941.043000 107.031000 2219
128 940.279000 106.850000 2027
129 941.625000 106.763000 1693
130 940.855000 106.600000 1596
131 945.418000 106.484000 1429
132 940.790000 106.383000 1275
133 940.142000 106.220000 1275
134 940.698000 106.158000 1081
135 941.432000 106.115000 896
136 940.381000 106.089000 725
137 939.663000 105.901000 749
138 940.788000 105.902000 565
139 941.119000 105.852000 526
140 940.884000 105.809000 479
141 940.587000 105.770000 438
142 939.989000 105.720000 428
143 940.579000 105.737000 356
144 939.789000 105.606000 377
145 940.194000 105.550000 379
146 940.306000 105.472000 387
147 940.498000 105.424000 385
148 941.014000 105.552000 544
149 940.303000 105.552000 409
150 940.996000 105.638000 478
151 939.871000 105.498000 498
152 940.822000 105.564000 506
153 940.558000 105.596000 442
154 941.444000 105.616000 372
155 939.981000 105.517000 385
156 940.310000 105.537000 329
157 940.720000 105.604000 381
158 940.702000 105.570000 354
159 940.916000 105.576000 277
160 940.770000 105.574000 212
161 940.853000 105.558000 190
162 940.776000 105.588000 201
163 940.473000 105.562000 201
164 2891.724000 105.553000 167
165 1394.190000 106.944000 2907
166 942.282000 106.952000 2196
167 940.671000 106.780000 1990
168 940.836000 106.723000 1606
169 941.312000 106.590000 1472
170 940.895000 106.532000 1219
171 940.649000 106.345000 1228
172 941.223000 106.263000 1083
173 941.557000 106.258000 822
174 941.844000 106.272000 643
175 941.169000 106.231000 563
176 940.286000 106.100000 578
177 939.453000 105.912000 607
178 940.637000 105.891000 497
179 940.125000 105.762000 514
180 940.555000 105.687000 516
181 940.813000 105.663000 436
182 941.056000 105.694000 390
183 940.688000 105.750000 404
184 940.417000 105.660000 414
185 940.809000 105.604000 415
186 941.465000 105.684000 469
187 941.285000 105.713000 411
188 940.863000 105.719000 321
189 940.516000 105.795000 392
190 939.978000 105.695000 404
191 941.296000 105.772000 456
192 939.733000 105.687000 463
193 943.215000 105.744000 461
194 940.421000 105.679000 463
195 941.236000 105.674000 358
196 940.735000 105.637000 342
197 941.315000 105.666000 314
198 941.153000 105.703000 311
199 940.298000 105.751000 329
200 940.765000 105.798000 340
[FINAL]:
Client Throughput=0.997298 Byte/s
AverageUPL=1000.750000
    AverageRTT=105.972000
    tcpi_retransmits=0
    tcpi_rto=308000
    tcpi_lost=0
    tcpi_retrans=0
    tcpi_snd_cwnd=10
    tcpi_snd_ssthresh=2147483647
    tcpi_total_retrans=1
