cca=BBR, bf1=21, bf2=21, c2s=1 bytes, s2c=1000000 bytes, d1=1msms, d2=50msms, bw1=100Mbps, bw2=10Mbps
1 515.631000 122.421000 4282
2 997.486000 117.004000 307
3 1438.605000 117.290000 425
4 1494.968000 117.407000 587
5 1499.134000 117.410000 525
6 1487.464000 117.402000 465
7 1491.259000 119.226000 1635
8 1079.500000 107.361000 521
9 1327.746000 107.472000 461
10 1029.139000 107.555000 377
11 1115.590000 106.220000 732
12 1004.032000 105.784000 521
13 1182.681000 106.246000 649
14 987.123000 106.810000 374
15 978.156000 106.194000 561
16 991.281000 106.260000 438
17 982.182000 106.648000 450
18 977.981000 106.840000 307
19 975.549000 105.940000 415
20 973.163000 106.289000 555
21 1045.472000 107.395000 385
22 1072.386000 107.375000 667
23 1277.711000 106.244000 550
24 985.497000 106.391000 404
25 973.325000 106.289000 346
26 985.566000 106.553000 396
27 975.856000 106.238000 262
28 1195.133000 106.420000 612
29 980.195000 106.333000 391
30 1044.839000 107.405000 468
31 981.096000 106.430000 534
32 977.704000 106.442000 413
33 977.317000 106.232000 457
34 976.383000 106.446000 471
35 1427.515000 106.356000 427
36 1030.678000 107.155000 514
37 978.724000 106.646000 493
38 1078.853000 106.712000 252
39 1076.577000 107.361000 338
40 1070.331000 107.250000 481
41 979.565000 106.574000 476
42 980.096000 106.540000 413
43 1061.986000 107.632000 311
44 1031.852000 107.750000 673
45 974.992000 106.141000 508
46 975.858000 106.366000 351
47 1042.454000 107.285000 377
48 1069.920000 107.440000 575
49 981.603000 106.372000 464
50 976.630000 106.264000 340
51 1077.781000 107.117000 318
52 1385.412000 107.199000 982
53 980.629000 106.270000 550
54 977.571000 106.447000 502
55 984.951000 106.521000 443
56 1002.402000 107.626000 855
57 1001.313000 107.397000 262
58 1053.654000 107.433000 514
59 985.253000 106.211000 314
60 1315.245000 107.232000 480
61 1319.288000 106.312000 318
62 974.943000 106.523000 385
63 1283.980000 106.494000 349
64 996.326000 107.219000 737
65 1313.170000 106.647000 205
66 977.736000 106.457000 597
67 979.516000 106.571000 448
68 1034.547000 107.564000 486
69 1295.605000 106.715000 362
70 1072.248000 107.127000 594
71 1042.965000 107.474000 840
72 981.613000 106.398000 476
73 974.732000 106.306000 497
74 1070.845000 106.913000 592
75 1140.603000 107.305000 737
76 1300.909000 107.264000 289
77 1070.710000 109.910000 1077
78 5269.750000 188.445000 1942
79 6099.504000 188.459000 1707
80 3202.575000 113.214000 1227
81 1022.335000 114.006000 998
82 1066.655000 115.623000 696
83 991.447000 107.796000 595
84 986.612000 107.685000 590
85 992.839000 107.455000 208
86 979.981000 106.171000 465
87 978.849000 106.507000 349
88 976.326000 106.337000 425
89 979.310000 106.211000 431
90 975.401000 106.337000 267
91 976.092000 106.367000 304
92 1081.151000 106.821000 644
93 978.259000 106.745000 394
94 978.726000 106.514000 480
95 982.615000 106.244000 412
96 1025.889000 107.843000 708
97 973.117000 106.252000 366
98 1079.233000 107.845000 829
99 3951.434000 117.568000 673
100 1434.515000 107.104000 561
101 1021.158000 108.012000 545
102 987.067000 106.149000 536
103 1075.146000 107.623000 533
104 984.949000 106.623000 646
105 1014.962000 105.994000 184
106 987.535000 106.182000 287
107 991.964000 107.283000 214
108 976.143000 106.313000 433
109 980.057000 106.529000 405
110 1302.608000 106.543000 439
111 982.776000 106.654000 243
112 1022.965000 107.424000 607
113 988.722000 106.541000 474
114 975.380000 106.316000 357
115 1058.183000 106.970000 857
116 1176.413000 107.124000 462
117 976.868000 106.647000 362
118 981.507000 106.390000 299
119 1184.464000 106.200000 399
120 2139.143000 108.938000 889
121 993.773000 107.302000 1137
122 1044.296000 107.562000 597
123 976.083000 106.389000 561
124 974.917000 106.273000 361
125 974.887000 106.296000 424
126 979.620000 106.032000 317
127 976.575000 106.107000 393
128 979.734000 106.360000 478
129 984.409000 106.161000 363
130 1088.348000 107.533000 843
131 980.661000 107.333000 189
132 981.040000 106.587000 589
133 986.537000 107.266000 300
134 995.484000 106.533000 474
135 983.152000 106.292000 392
136 983.514000 106.376000 333
137 980.565000 106.311000 276
138 981.811000 106.288000 598
139 984.066000 106.149000 404
140 981.966000 106.202000 405
141 983.230000 106.545000 446
142 1022.386000 107.504000 560
143 974.969000 105.604000 428
144 977.755000 106.237000 688
145 976.875000 106.431000 380
146 1292.896000 106.674000 291
147 978.992000 106.286000 375
148 977.664000 106.184000 443
149 978.603000 107.092000 1075
150 975.153000 106.067000 413
151 973.016000 106.412000 425
152 1078.452000 107.142000 319
153 974.678000 106.199000 448
154 1296.127000 106.820000 601
155 1033.559000 106.334000 320
156 1055.694000 107.269000 512
157 1015.442000 107.356000 665
158 1075.800000 106.685000 652
159 1026.990000 107.387000 423
160 1344.188000 107.941000 631
161 983.120000 106.253000 559
162 981.169000 106.519000 513
163 1022.563000 107.488000 627
164 972.432000 106.493000 454
165 1087.464000 106.393000 616
166 1091.744000 106.491000 675
167 981.363000 106.574000 313
168 975.952000 106.079000 449
169 1082.754000 106.300000 444
170 1009.390000 107.481000 557
171 1350.697000 107.426000 656
172 975.611000 106.387000 495
173 1051.669000 107.146000 721
174 3033.645000 349.152000 6360
175 1892.861000 114.162000 1158
176 1071.102000 108.438000 558
177 1018.317000 110.847000 766
178 987.201000 106.114000 566
179 1288.052000 106.506000 332
180 1037.326000 106.976000 176
181 1083.289000 107.862000 856
182 977.444000 106.376000 537
183 976.790000 106.448000 458
184 978.483000 106.465000 518
185 974.824000 106.261000 400
186 981.524000 106.416000 535
187 979.073000 106.224000 355
188 1031.653000 106.918000 370
189 987.710000 106.404000 242
190 1285.105000 106.448000 401
191 1089.948000 106.601000 454
192 1162.508000 107.574000 673
193 1050.635000 107.505000 584
194 982.823000 106.142000 548
195 1068.965000 107.391000 479
196 1010.893000 107.455000 251
197 1078.249000 107.538000 1118
198 1029.346000 107.657000 724
199 984.459000 106.504000 382
200 974.011000 106.698000 395
[FINAL]:
Server Throughput=875227.049760 Byte/s
AverageUPL=1072.140000
    AverageRTT=109.280000
    tcpi_retransmits=0
    tcpi_rto=308000
    tcpi_lost=0
    tcpi_retrans=0
    tcpi_snd_cwnd=182
    tcpi_snd_ssthresh=92
    tcpi_total_retrans=5130
cca=BBR, bf1=43, bf2=43, c2s=1 bytes, s2c=1000000 bytes, d1=1msms, d2=50msms, bw1=100Mbps, bw2=10Mbps
1 467.921000 106.214000 424
2 765.041000 120.151000 7188
3 2277.264000 441.650000 5788
4 1671.739000 107.035000 593
5 961.855000 111.712000 197
6 945.392000 112.415000 513
7 940.231000 114.110000 425
8 940.407000 113.026000 387
9 939.423000 115.223000 411
10 1244.155000 107.019000 417
11 939.517000 116.839000 455
12 940.880000 116.301000 524
13 941.649000 115.670000 400
14 939.441000 115.785000 504
15 958.881000 134.294000 3368
16 939.720000 116.138000 405
17 940.046000 114.624000 377
18 940.893000 113.516000 327
19 940.197000 115.776000 441
20 939.610000 119.891000 467
21 1246.702000 125.870000 3668
22 939.700000 116.886000 418
23 943.146000 117.401000 450
24 940.280000 114.738000 318
25 939.718000 113.511000 275
26 940.585000 118.746000 433
27 938.695000 117.686000 626
28 940.217000 116.320000 468
29 939.644000 115.493000 341
30 940.618000 114.608000 443
31 940.771000 116.473000 2805
32 940.417000 114.291000 298
33 939.355000 114.618000 410
34 940.131000 113.981000 261
35 940.273000 116.347000 461
36 942.226000 119.912000 472
37 942.948000 121.785000 209
38 1244.832000 113.631000 2674
39 940.412000 118.042000 621
40 941.011000 118.280000 583
41 939.990000 116.180000 393
42 939.846000 119.169000 488
43 940.262000 119.061000 344
44 941.176000 114.039000 500
45 940.948000 114.301000 520
46 940.334000 113.743000 250
47 939.653000 113.880000 338
48 939.450000 116.283000 187
49 940.683000 115.772000 525
50 940.111000 116.301000 385
51 940.233000 116.374000 395
52 940.886000 117.492000 522
53 939.009000 115.402000 357
54 940.717000 115.995000 726
55 942.162000 116.378000 711
56 939.640000 114.892000 336
57 1250.373000 111.567000 7462
58 938.353000 114.966000 494
59 940.576000 115.312000 540
60 939.111000 114.092000 440
61 939.987000 114.273000 281
62 939.790000 113.365000 309
63 940.916000 115.525000 415
64 939.211000 114.973000 273
65 939.449000 120.618000 317
66 940.304000 120.292000 431
67 939.392000 115.252000 224
68 939.775000 114.572000 370
69 939.789000 120.331000 435
70 940.887000 120.974000 491
71 939.095000 120.082000 243
72 939.318000 120.190000 338
73 939.407000 113.978000 317
74 940.162000 114.744000 404
75 1244.345000 107.293000 1243
76 3482.267000 208.451000 37492
77 1491.314000 118.681000 1123
78 1143.128000 118.574000 3751
79 944.042000 116.296000 1290
80 941.263000 116.093000 472
81 939.684000 113.650000 466
82 939.849000 114.071000 681
83 944.735000 114.558000 442
84 940.468000 114.336000 559
85 939.746000 113.538000 419
86 940.222000 113.308000 373
87 939.802000 114.867000 723
88 940.550000 115.290000 389
89 939.519000 114.176000 385
90 938.928000 113.971000 630
91 940.216000 114.254000 589
92 939.247000 114.455000 924
93 940.537000 113.396000 539
94 938.877000 114.262000 662
95 939.152000 114.626000 344
96 940.334000 114.075000 579
97 939.758000 113.903000 326
98 939.752000 114.422000 650
99 940.101000 114.508000 553
100 940.628000 114.149000 565
101 939.194000 114.129000 422
102 939.687000 114.244000 553
103 940.424000 114.365000 650
104 939.584000 114.536000 647
105 940.298000 114.032000 446
106 940.415000 113.410000 496
107 939.907000 114.168000 664
108 939.363000 113.984000 397
109 942.697000 113.871000 592
110 4915.734000 321.243000 7169
111 5842.521000 188.465000 1971
112 5133.005000 117.601000 804
113 1575.089000 110.114000 425
114 995.325000 111.695000 402
115 990.996000 116.436000 1002
116 993.925000 121.579000 3761
117 979.515000 120.794000 2207
118 940.308000 119.888000 1174
119 939.264000 116.253000 518
120 939.934000 116.833000 1251
121 939.864000 113.946000 671
122 939.195000 114.257000 492
123 939.418000 114.564000 420
124 940.023000 113.969000 430
125 939.219000 113.599000 600
126 939.356000 114.650000 440
127 939.517000 114.064000 809
128 939.126000 113.145000 617
129 939.431000 114.660000 726
130 939.184000 114.135000 662
131 939.856000 114.397000 384
132 1249.152000 106.941000 861
133 939.606000 114.108000 492
134 945.220000 115.045000 734
135 938.811000 117.104000 303
136 939.014000 114.503000 561
137 939.533000 113.542000 421
138 938.799000 114.038000 375
139 940.126000 114.377000 443
140 939.411000 114.762000 480
141 943.001000 116.036000 657
142 944.307000 113.824000 485
143 942.443000 117.413000 649
144 940.777000 117.393000 604
145 939.534000 115.128000 486
146 940.035000 114.150000 244
147 939.953000 113.864000 329
148 1244.519000 107.787000 1655
149 939.139000 113.186000 376
150 939.895000 117.566000 306
151 941.384000 117.492000 445
152 940.015000 114.729000 463
153 940.333000 114.024000 432
154 940.676000 114.038000 308
155 939.876000 113.768000 390
156 939.602000 114.944000 415
157 940.485000 115.483000 654
158 940.668000 115.091000 476
159 940.312000 115.534000 439
160 939.919000 114.407000 466
161 2341.555000 399.402000 7974
162 3414.269000 117.398000 419
163 1495.209000 117.259000 572
164 1136.467000 116.206000 3208
165 942.967000 117.140000 904
166 940.934000 116.306000 521
167 939.402000 116.753000 516
168 940.238000 113.841000 418
169 939.860000 113.836000 592
170 940.510000 113.639000 437
171 939.941000 114.438000 643
172 939.929000 113.557000 433
173 941.879000 114.286000 457
174 940.164000 114.418000 525
175 940.095000 113.951000 406
176 940.754000 114.089000 275
177 940.393000 113.358000 419
178 1245.219000 121.836000 3785
179 945.615000 118.392000 355
180 939.451000 118.870000 300
181 939.711000 115.166000 553
182 939.688000 113.400000 302
183 940.514000 115.010000 467
184 5232.952000 238.232000 4505
185 6154.134000 188.495000 1818
186 1816.012000 118.568000 2669
187 943.651000 121.933000 594
188 940.565000 120.736000 571
189 939.872000 118.089000 271
190 940.217000 117.400000 534
191 939.946000 118.069000 638
192 939.586000 117.883000 387
193 941.433000 116.771000 397
194 939.880000 118.720000 262
195 939.569000 118.738000 416
196 940.391000 114.934000 426
197 941.515000 115.519000 261
198 939.753000 114.055000 344
199 939.372000 119.327000 426
200 939.829000 117.446000 364
[FINAL]:
Server Throughput=892126.757884 Byte/s
AverageUPL=1238.613000
    AverageRTT=123.007000
    tcpi_retransmits=0
    tcpi_rto=320000
    tcpi_lost=0
    tcpi_retrans=0
    tcpi_snd_cwnd=186
    tcpi_snd_ssthresh=94
    tcpi_total_retrans=218
cca=BBR, bf1=86, bf2=86, c2s=1 bytes, s2c=1000000 bytes, d1=1msms, d2=50msms, bw1=100Mbps, bw2=10Mbps
1 2425.963000 187.694000 171
2 5360.639000 189.209000 3387
3 6014.199000 189.491000 3560
4 5701.618000 189.285000 3570
5 5694.591000 188.198000 4529
6 5683.375000 189.361000 3482
7 5701.652000 189.286000 3556
8 4928.320000 108.584000 574
9 921.775000 116.769000 2429
10 942.519000 121.058000 531
11 940.643000 120.897000 392
12 939.065000 115.275000 330
13 939.545000 116.701000 367
14 940.631000 114.495000 371
15 939.115000 115.050000 338
16 939.320000 115.461000 279
17 941.148000 114.301000 358
18 940.975000 116.712000 535
19 939.437000 115.791000 385
20 938.937000 116.088000 407
21 938.985000 114.890000 362
22 1246.716000 107.603000 744
23 939.528000 114.027000 293
24 941.284000 116.092000 582
25 940.479000 114.235000 338
26 940.002000 113.624000 419
27 940.185000 114.109000 346
28 939.777000 113.276000 558
29 940.913000 114.425000 410
30 939.481000 113.906000 427
31 941.024000 113.769000 330
32 942.773000 114.574000 619
33 939.451000 114.447000 399
34 942.196000 113.532000 322
35 1144.498000 136.295000 1653
36 940.604000 114.572000 627
37 939.490000 113.907000 612
38 939.836000 114.357000 676
39 939.696000 114.918000 663
40 939.704000 114.162000 628
41 941.113000 114.314000 677
42 3468.175000 325.187000 12408
43 1490.553000 117.871000 1222
44 1493.313000 113.666000 1409
45 1033.814000 111.851000 368
46 944.795000 113.336000 337
47 940.037000 113.797000 324
48 940.338000 114.477000 517
49 1144.093000 113.433000 437
50 940.912000 116.999000 591
51 939.070000 118.672000 347
52 940.168000 114.474000 316
53 941.321000 114.334000 284
54 939.998000 114.244000 602
55 939.978000 114.087000 409
56 940.268000 113.605000 581
57 940.201000 113.038000 441
58 940.579000 114.614000 391
59 939.419000 114.472000 347
60 940.732000 114.156000 450
61 947.017000 114.297000 480
62 940.078000 113.868000 315
63 939.861000 113.682000 432
64 939.907000 115.013000 287
65 940.165000 113.623000 455
66 940.143000 114.464000 552
67 940.180000 114.195000 394
68 939.134000 114.440000 518
69 939.600000 113.833000 301
70 939.427000 114.605000 443
71 939.453000 113.268000 375
72 940.075000 114.326000 288
73 940.144000 113.934000 332
74 939.872000 116.470000 310
75 939.196000 114.354000 397
76 939.555000 113.779000 336
77 940.598000 114.667000 592
78 940.692000 115.055000 470
79 939.662000 112.772000 434
80 939.976000 114.029000 359
81 940.720000 115.394000 440
82 954.417000 119.516000 410
83 964.015000 121.654000 523
84 939.082000 118.911000 293
85 940.717000 114.571000 356
86 945.795000 116.335000 2593
87 1243.931000 110.844000 3237
88 940.711000 120.976000 661
89 1468.891000 292.802000 260897
90 1010.039000 116.440000 509
91 940.616000 113.964000 323
92 940.659000 120.580000 455
93 941.201000 120.231000 479
94 942.847000 115.765000 481
95 940.324000 116.486000 605
96 939.981000 114.935000 352
97 939.633000 115.373000 436
98 940.562000 114.158000 289
99 939.669000 114.976000 389
100 939.801000 114.733000 395
101 943.650000 117.716000 612
102 1244.747000 107.523000 1197
103 941.370000 113.968000 387
104 940.188000 114.331000 437
105 940.887000 115.375000 559
106 940.024000 114.753000 356
107 938.274000 114.421000 466
108 940.398000 114.881000 566
109 939.328000 114.998000 447
110 942.020000 113.605000 505
111 939.982000 114.759000 343
112 940.245000 115.026000 483
113 940.198000 114.409000 292
114 939.932000 119.251000 299
115 940.334000 118.732000 460
116 940.009000 113.897000 216
117 939.966000 114.117000 380
118 940.248000 115.762000 374
119 1146.008000 139.564000 1624
120 939.773000 118.294000 946
121 940.631000 119.415000 493
122 939.945000 116.111000 338
123 946.169000 116.866000 477
124 940.348000 114.791000 600
125 940.414000 114.444000 432
126 940.424000 114.284000 381
127 939.793000 116.250000 810
128 940.917000 117.251000 444
129 940.694000 113.369000 770
130 939.966000 114.085000 390
131 940.255000 113.236000 316
132 939.245000 114.170000 536
133 940.390000 113.024000 760
134 940.352000 113.997000 545
135 939.112000 113.910000 723
136 940.074000 116.594000 301
137 940.720000 118.381000 463
138 940.396000 114.583000 366
139 940.027000 113.628000 744
140 940.803000 113.939000 451
141 939.576000 114.399000 651
142 939.484000 113.316000 565
143 940.912000 114.136000 597
144 940.029000 117.539000 452
145 941.992000 117.773000 768
146 942.323000 117.457000 397
147 939.343000 113.134000 484
148 940.090000 113.728000 507
149 939.460000 113.718000 796
150 940.136000 114.981000 439
151 940.157000 113.781000 505
152 939.302000 114.105000 560
153 940.465000 114.243000 380
154 939.978000 114.098000 845
155 940.639000 114.627000 571
156 938.066000 114.637000 570
157 941.079000 113.747000 450
158 940.727000 114.649000 649
159 940.942000 114.695000 496
160 1244.468000 115.385000 476
161 939.732000 117.742000 451
162 938.681000 114.446000 457
163 960.928000 141.751000 8787
164 4452.237000 117.391000 438
165 1227.741000 134.105000 1770
166 960.333000 116.902000 308
167 947.794000 113.981000 439
168 1247.965000 117.949000 3913
169 940.568000 117.798000 564
170 941.940000 115.746000 417
171 940.905000 115.059000 444
172 940.013000 121.461000 383
173 939.858000 121.185000 334
174 939.699000 114.476000 233
175 940.500000 115.139000 490
176 940.318000 114.950000 339
177 940.351000 119.201000 553
178 940.577000 118.397000 339
179 939.969000 114.403000 272
180 940.061000 121.060000 415
181 940.579000 120.119000 483
182 942.422000 116.904000 296
183 940.256000 114.749000 468
184 939.709000 119.368000 374
185 4968.528000 188.497000 1938
186 6140.338000 180.755000 5531
187 2040.999000 117.374000 510
188 1353.643000 107.250000 990
189 945.519000 117.480000 884
190 940.806000 118.574000 850
191 940.607000 118.493000 612
192 942.498000 117.869000 874
193 942.595000 117.610000 909
194 942.110000 115.458000 818
195 942.733000 115.520000 376
196 942.532000 112.374000 836
197 939.255000 118.637000 484
198 939.337000 118.384000 366
199 950.036000 128.479000 1331
200 940.229000 119.002000 342
[FINAL]:
Server Throughput=822484.580090 Byte/s
AverageUPL=1097.723000
    AverageRTT=117.878000
    tcpi_retransmits=0
    tcpi_rto=320000
    tcpi_lost=0
    tcpi_retrans=0
    tcpi_snd_cwnd=188
    tcpi_snd_ssthresh=28
    tcpi_total_retrans=1
cca=BBR, bf1=173, bf2=173, c2s=1 bytes, s2c=1000000 bytes, d1=1msms, d2=50msms, bw1=100Mbps, bw2=10Mbps
1 469.849000 106.102000 298
2 743.887000 315.106000 406
3 939.975000 315.165000 825
4 940.378000 113.505000 959
5 941.757000 114.074000 423
6 938.862000 113.581000 843
7 939.319000 113.827000 558
8 942.658000 117.280000 1791
9 939.941000 117.042000 343
10 939.880000 114.749000 345
11 939.788000 114.006000 324
12 940.399000 114.009000 650
13 939.731000 114.060000 541
14 942.452000 114.643000 785
15 940.314000 115.022000 274
16 939.876000 113.774000 366
17 1248.259000 122.871000 3954
18 4572.363000 440.318000 4971
19 6314.083000 188.445000 1926
20 5677.108000 187.876000 1513
21 2634.197000 116.453000 638
22 1483.213000 116.766000 967
23 1187.081000 138.913000 3851
24 945.003000 118.068000 3638
25 944.597000 116.782000 2254
26 942.842000 117.583000 2735
27 940.198000 115.674000 882
28 941.696000 116.697000 2996
29 943.935000 116.860000 1976
30 941.245000 117.466000 2970
31 939.762000 116.426000 1620
32 941.179000 116.414000 1563
33 939.790000 113.116000 573
34 940.622000 114.225000 721
35 940.652000 113.760000 744
36 940.751000 114.350000 347
37 940.157000 114.245000 388
38 940.892000 114.277000 403
39 939.938000 113.578000 881
40 939.622000 114.533000 439
41 939.805000 114.228000 537
42 939.389000 114.445000 781
43 941.045000 114.059000 531
44 939.105000 114.123000 508
45 939.125000 114.814000 465
46 1244.405000 131.565000 2713
47 942.677000 117.173000 746
48 939.778000 114.016000 536
49 940.943000 114.225000 670
50 939.966000 113.848000 610
51 939.961000 114.322000 358
52 939.723000 113.368000 389
53 939.296000 114.781000 502
54 939.789000 113.888000 188
55 939.906000 116.204000 625
56 940.163000 116.694000 492
57 940.242000 113.262000 569
58 940.798000 114.545000 412
59 939.476000 115.060000 390
60 939.908000 113.901000 370
61 940.150000 114.085000 438
62 940.067000 114.720000 664
63 3719.291000 335.148000 2795
64 5427.902000 117.538000 801
65 1455.942000 116.599000 393
66 1251.559000 117.701000 723
67 1257.505000 116.972000 1098
68 1013.558000 118.643000 1036
69 940.209000 118.222000 324
70 940.626000 116.843000 504
71 940.246000 114.220000 317
72 940.625000 117.837000 392
73 940.534000 118.002000 428
74 939.182000 113.699000 371
75 941.121000 114.854000 550
76 939.697000 116.389000 329
77 940.778000 116.196000 451
78 940.130000 115.157000 422
79 939.960000 115.215000 397
80 939.645000 115.040000 357
81 939.993000 114.217000 431
82 939.911000 113.321000 254
83 1144.783000 135.976000 1888
84 940.647000 113.404000 531
85 941.715000 114.392000 346
86 938.573000 113.905000 691
87 940.365000 114.285000 373
88 940.093000 115.096000 390
89 939.340000 114.204000 427
90 2800.327000 117.400000 504
91 1491.817000 117.371000 466
92 1835.816000 118.151000 1718
93 1425.751000 106.572000 669
94 965.220000 117.670000 696
95 941.069000 118.310000 728
96 943.263000 115.805000 453
97 939.833000 116.220000 388
98 940.191000 117.514000 533
99 939.648000 113.940000 414
100 940.033000 113.680000 425
101 940.501000 117.861000 362
102 939.896000 118.502000 394
103 940.540000 120.172000 476
104 940.381000 118.838000 558
105 939.990000 114.550000 341
106 939.743000 115.026000 386
107 940.210000 114.634000 193
108 939.436000 114.373000 267
109 941.093000 114.906000 719
110 939.463000 114.471000 555
111 940.636000 114.101000 526
112 939.872000 114.582000 370
113 940.356000 114.405000 437
114 1144.526000 113.696000 446
115 940.240000 114.447000 419
116 941.727000 113.484000 504
117 939.806000 116.571000 372
118 940.752000 116.297000 651
119 939.610000 115.146000 267
120 940.165000 115.395000 482
121 940.703000 113.851000 364
122 939.864000 115.970000 371
123 940.476000 115.795000 515
124 940.848000 115.188000 477
125 940.714000 115.712000 496
126 940.386000 113.678000 396
127 939.150000 115.663000 319
128 940.342000 114.935000 466
129 939.512000 113.809000 186
130 941.062000 114.117000 284
131 938.922000 114.519000 360
132 939.817000 114.277000 517
133 941.102000 115.437000 432
134 940.464000 113.396000 618
135 939.147000 113.384000 495
136 940.190000 113.692000 402
137 939.544000 114.535000 274
138 940.594000 114.338000 379
139 940.159000 116.454000 394
140 940.382000 115.775000 480
141 939.144000 114.165000 340
142 940.388000 114.114000 283
143 1144.427000 114.319000 390
144 940.778000 115.039000 552
145 938.886000 114.819000 369
146 940.674000 113.253000 248
147 2709.044000 132.034000 5136
148 1484.637000 117.368000 563
149 1082.013000 116.197000 524
150 941.633000 116.960000 506
151 941.814000 113.654000 388
152 1247.980000 116.810000 1773
153 940.713000 113.330000 662
154 940.423000 113.994000 798
155 942.180000 113.971000 487
156 940.571000 117.423000 1581
157 940.460000 117.878000 313
158 939.664000 114.367000 476
159 940.502000 114.789000 542
160 940.115000 113.700000 697
161 939.940000 113.538000 496
162 939.877000 113.585000 403
163 940.125000 114.193000 564
164 939.267000 114.480000 379
165 939.972000 115.072000 439
166 939.761000 112.875000 500
167 1246.724000 114.280000 473
168 940.843000 114.400000 544
169 939.972000 114.378000 335
170 1746.030000 444.043000 3928
171 3777.365000 117.421000 510
172 1457.096000 106.581000 757
173 973.882000 112.526000 648
174 1245.910000 107.081000 440
175 939.955000 115.088000 237
176 941.056000 115.665000 514
177 939.947000 113.751000 359
178 940.656000 114.748000 476
179 939.504000 115.527000 531
180 940.780000 113.888000 450
181 939.239000 115.193000 225
182 943.016000 116.255000 346
183 940.206000 115.933000 342
184 939.893000 115.112000 433
185 940.373000 115.889000 412
186 938.801000 114.886000 481
187 941.611000 114.486000 559
188 939.812000 114.061000 447
189 939.765000 115.966000 364
190 940.077000 115.194000 249
191 939.990000 115.794000 460
192 940.332000 114.972000 473
193 940.988000 114.177000 404
194 939.942000 113.903000 292
195 939.670000 116.102000 370
196 938.870000 115.158000 372
197 940.509000 117.026000 543
198 939.340000 115.435000 371
199 940.578000 115.003000 276
200 939.913000 115.610000 402
[FINAL]:
Server Throughput=889970.693755 Byte/s
AverageUPL=1019.999000
    AverageRTT=118.334000
    tcpi_retransmits=0
    tcpi_rto=316000
    tcpi_lost=0
    tcpi_retrans=0
    tcpi_snd_cwnd=188
    tcpi_snd_ssthresh=94
    tcpi_total_retrans=0
cca=BBR, bf1=346, bf2=346, c2s=1 bytes, s2c=1000000 bytes, d1=1msms, d2=50msms, bw1=100Mbps, bw2=10Mbps
1 449.600000 106.586000 369
2 761.042000 316.430000 417
3 939.603000 317.544000 432
4 941.379000 114.241000 504
5 940.295000 117.704000 248
6 939.567000 118.480000 413
7 940.444000 115.420000 391
8 939.813000 113.817000 441
9 940.327000 115.162000 370
10 939.518000 112.987000 316
11 939.621000 114.220000 325
12 940.207000 114.754000 512
13 940.855000 114.162000 515
14 940.141000 114.787000 421
15 4033.430000 188.865000 2468
16 5681.978000 188.430000 1879
17 5999.987000 188.375000 1990
18 5692.189000 188.220000 1789
19 5692.441000 188.213000 1941
20 5998.183000 188.375000 1876
21 5686.516000 188.264000 1801
22 3171.326000 117.368000 491
23 1166.086000 140.792000 1469
24 974.373000 114.645000 571
25 954.774000 115.877000 574
26 941.418000 116.066000 1439
27 940.504000 114.363000 449
28 940.224000 113.750000 528
29 975.824000 126.382000 454
30 940.202000 114.830000 376
31 941.250000 115.122000 475
32 966.350000 116.490000 439
33 962.552000 114.667000 436
34 941.008000 114.443000 326
35 945.306000 119.564000 661
36 939.810000 113.834000 418
37 945.553000 113.633000 835
38 949.268000 114.839000 350
39 940.487000 114.384000 329
40 969.418000 112.990000 252
41 940.148000 114.051000 471
42 939.519000 114.873000 256
43 3645.125000 117.638000 962
44 1454.924000 118.371000 594
45 1014.766000 112.915000 491
46 943.159000 116.613000 627
47 940.720000 117.833000 268
48 1270.330000 136.139000 1942
49 940.043000 118.104000 449
50 940.543000 117.002000 434
51 1476.814000 116.807000 379
52 939.921000 118.629000 452
53 939.621000 113.558000 254
54 940.309000 113.899000 344
55 939.900000 115.153000 409
56 938.892000 115.251000 495
57 940.872000 114.389000 498
58 939.304000 114.349000 262
59 940.066000 113.567000 413
60 939.743000 114.150000 422
61 939.940000 115.194000 365
62 938.990000 115.400000 399
63 941.015000 114.376000 265
64 940.876000 112.633000 252
65 940.053000 113.672000 310
66 3374.011000 319.898000 3377
67 1509.871000 110.347000 1781
68 1026.230000 114.734000 228
69 1145.331000 120.508000 455
70 940.185000 116.689000 612
71 939.617000 118.375000 454
72 940.165000 118.291000 572
73 940.361000 116.213000 279
74 940.870000 115.600000 566
75 939.854000 114.938000 525
76 940.742000 116.433000 402
77 940.149000 120.375000 462
78 940.571000 121.451000 344
79 939.733000 116.370000 434
80 940.160000 115.937000 436
81 945.321000 115.150000 447
82 940.107000 114.064000 330
83 1244.804000 107.313000 347
84 939.111000 117.226000 334
85 939.439000 116.309000 432
86 941.677000 113.766000 292
87 940.479000 114.465000 279
88 939.311000 114.599000 388
89 940.249000 113.252000 355
90 939.759000 113.165000 306
91 940.450000 113.766000 519
92 940.472000 113.917000 323
93 939.985000 116.765000 337
94 940.687000 117.169000 503
95 939.791000 113.813000 349
96 940.564000 112.931000 399
97 940.689000 114.197000 328
98 940.370000 114.025000 557
99 939.733000 114.533000 349
100 1178.513000 268.914000 86289
101 4000.200000 117.289000 404
102 1499.659000 117.391000 603
103 1493.559000 117.337000 469
104 1487.818000 119.750000 1836
105 1487.704000 117.463000 487
106 1492.913000 118.362000 1625
107 1491.148000 117.377000 928
108 3952.802000 188.421000 1889
109 4062.570000 118.954000 452
110 1439.843000 118.947000 452
111 1412.218000 108.099000 1328
112 1015.349000 114.189000 217
113 941.113000 117.477000 384
114 939.621000 116.087000 238
115 941.250000 113.839000 213
116 940.765000 113.702000 419
117 940.451000 114.026000 331
118 941.056000 114.579000 403
119 938.208000 113.731000 410
120 939.671000 114.145000 516
121 940.223000 114.384000 380
122 940.052000 113.652000 510
123 939.315000 114.062000 415
124 940.274000 115.099000 364
125 939.970000 114.767000 241
126 939.448000 114.563000 253
127 940.701000 114.799000 594
128 940.660000 114.599000 427
129 939.684000 117.343000 515
130 940.839000 115.126000 539
131 939.815000 114.349000 445
132 940.458000 114.419000 348
133 939.341000 114.985000 368
134 939.950000 114.757000 306
135 939.772000 114.705000 350
136 940.489000 114.259000 427
137 938.894000 114.654000 324
138 940.926000 114.183000 403
139 939.862000 113.606000 375
140 939.568000 114.070000 621
141 939.555000 113.990000 449
142 940.221000 114.645000 322
143 939.262000 113.639000 365
144 939.218000 114.387000 242
145 939.751000 112.945000 250
146 939.939000 113.331000 399
147 1243.857000 106.913000 251
148 939.638000 117.117000 298
149 939.712000 114.784000 315
150 940.581000 114.081000 332
151 940.424000 114.752000 321
152 940.108000 114.816000 312
153 940.481000 114.784000 317
154 940.684000 113.952000 350
155 941.122000 116.484000 313
156 939.448000 115.345000 329
157 3602.292000 117.489000 578
158 1491.707000 117.367000 464
159 1847.806000 117.366000 479
160 1495.400000 117.408000 494
161 1281.471000 115.608000 2304
162 941.972000 112.892000 270
163 941.317000 114.441000 793
164 941.105000 115.370000 410
165 940.243000 116.344000 475
166 939.695000 114.416000 486
167 940.296000 114.936000 589
168 940.926000 113.837000 318
169 940.437000 114.040000 448
170 939.427000 118.122000 351
171 940.306000 118.286000 301
172 940.345000 114.184000 286
173 940.422000 114.707000 376
174 939.779000 114.860000 194
175 940.133000 113.790000 237
176 940.041000 114.432000 344
177 940.169000 115.824000 261
178 939.766000 114.879000 333
179 939.973000 117.403000 489
180 939.581000 115.238000 416
181 940.071000 117.214000 498
182 940.121000 116.167000 771
183 939.096000 115.832000 308
184 939.897000 113.801000 255
185 941.092000 115.112000 645
186 1245.840000 106.648000 382
187 939.285000 114.530000 802
188 940.495000 114.452000 542
189 940.623000 114.374000 598
190 941.807000 114.301000 502
191 939.497000 114.396000 575
192 939.595000 113.639000 675
193 940.950000 113.837000 497
194 940.648000 114.414000 450
195 941.624000 116.455000 470
196 940.547000 117.467000 419
197 940.184000 113.842000 384
198 1250.577000 106.849000 1143
199 940.467000 116.877000 265
200 940.315000 117.328000 535
[FINAL]:
Server Throughput=800918.422766 Byte/s
AverageUPL=1135.095000
    AverageRTT=115.702000
    tcpi_retransmits=0
    tcpi_rto=320000
    tcpi_lost=0
    tcpi_retrans=0
    tcpi_snd_cwnd=186
    tcpi_snd_ssthresh=96
    tcpi_total_retrans=0
cca=CUBIC, bf1=21, bf2=21, c2s=1 bytes, s2c=1000000 bytes, d1=1msms, d2=50msms, bw1=100Mbps, bw2=10Mbps
1 1637.614000 106.694000 420
2 2231.473000 107.719000 1417
3 2054.647000 107.048000 381
4 4044.090000 311.955000 1251
5 5375.165000 314.109000 3295
6 5373.893000 322.590000 8907
7 5100.769000 343.120000 1308
8 5029.698000 323.273000 9532
9 3917.734000 117.367000 419
10 2032.442000 108.309000 767
11 1972.326000 109.832000 1031
12 2042.642000 109.324000 407
13 1893.751000 107.173000 343
14 1944.171000 108.858000 1694
15 2063.478000 107.219000 447
16 1971.333000 107.291000 546
17 1925.632000 107.425000 1382
18 1954.170000 107.550000 836
19 2058.664000 109.557000 4263
20 2089.869000 107.548000 960
21 2238.600000 107.307000 488
22 2488.740000 310.129000 4750
23 3491.975000 109.110000 671
24 2027.851000 109.741000 775
25 2081.735000 111.030000 5911
26 1991.805000 108.101000 529
27 2088.161000 108.079000 417
28 1865.576000 108.552000 1715
29 2053.241000 109.600000 5772
30 1961.775000 106.863000 437
31 2071.090000 107.484000 544
32 1855.545000 109.436000 1385
33 2058.570000 107.838000 907
34 3292.380000 117.493000 770
35 2089.575000 109.877000 1736
36 1955.485000 108.425000 1037
37 1957.104000 110.092000 1329
38 2004.737000 108.123000 391
39 2142.048000 107.485000 688
40 1982.123000 107.181000 689
41 2059.606000 107.175000 558
42 2069.621000 107.246000 528
43 2058.012000 106.916000 516
44 2059.361000 107.306000 768
45 2097.517000 108.157000 983
46 2063.531000 107.684000 451
47 2070.781000 107.597000 541
48 2078.753000 107.997000 568
49 2077.020000 108.027000 662
50 2071.613000 108.185000 732
51 4289.279000 307.916000 9174
52 5299.441000 319.346000 12011
53 3426.323000 117.303000 275
54 2135.137000 117.306000 650
55 2025.048000 109.985000 603
56 2030.372000 109.027000 1037
57 2159.444000 108.923000 746
58 2166.484000 109.087000 699
59 2152.005000 108.888000 1098
60 2143.701000 108.036000 490
61 2136.590000 108.223000 486
62 2136.145000 108.139000 561
63 2133.030000 107.968000 372
64 2139.482000 107.799000 640
65 2133.599000 107.788000 490
66 2238.361000 107.853000 342
67 2137.718000 107.344000 388
68 2134.593000 107.594000 533
69 1927.889000 107.742000 826
70 2054.710000 107.060000 569
71 2071.385000 106.730000 332
72 2047.876000 107.275000 477
73 2058.461000 107.113000 285
74 2058.838000 107.135000 544
75 3131.093000 312.242000 479
76 4646.264000 118.307000 1416
77 2188.149000 117.359000 805
78 2251.476000 117.485000 908
79 2256.383000 117.371000 743
80 2262.121000 117.794000 1112
81 2244.755000 117.467000 707
82 2153.148000 109.312000 971
83 2093.716000 108.739000 934
84 2081.094000 107.911000 497
85 2082.448000 108.908000 684
86 2071.800000 108.579000 683
87 2088.150000 108.568000 546
88 2068.024000 108.074000 527
89 2073.163000 108.391000 732
90 2064.425000 107.748000 676
91 2075.105000 108.118000 480
92 2067.832000 107.761000 667
93 2071.325000 107.756000 387
94 2068.832000 107.635000 393
95 2072.757000 107.369000 340
96 2055.468000 106.707000 456
97 2069.018000 107.294000 554
98 2054.698000 107.388000 414
99 2061.536000 107.188000 475
100 2050.097000 107.107000 665
101 2083.052000 107.915000 843
102 2074.133000 107.834000 749
103 2070.617000 107.546000 499
104 2073.306000 108.176000 735
105 2083.137000 107.797000 572
106 2845.692000 305.664000 6720
107 3291.977000 117.419000 749
108 2140.017000 109.410000 1101
109 2099.647000 109.461000 1105
110 2100.876000 109.128000 769
111 2078.244000 108.475000 711
112 2085.297000 107.544000 616
113 2082.442000 108.637000 719
114 2076.298000 107.979000 755
115 2066.716000 107.947000 606
116 2069.329000 108.657000 566
117 2068.314000 108.007000 703
118 2071.590000 107.827000 462
119 2074.595000 107.810000 623
120 2068.441000 107.673000 631
121 2075.045000 107.390000 507
122 2060.815000 108.653000 890
123 2060.095000 107.737000 546
124 2065.500000 107.784000 845
125 2064.774000 107.543000 765
126 2064.536000 107.528000 511
127 2068.058000 107.760000 536
128 2339.119000 286.346000 49950
129 4272.780000 117.254000 264
130 2168.771000 109.252000 448
131 2053.194000 107.156000 279
132 2101.693000 108.146000 507
133 2067.456000 108.550000 840
134 2065.666000 107.717000 573
135 2063.151000 107.806000 545
136 2063.397000 107.647000 696
137 2066.040000 107.280000 567
138 2067.383000 107.088000 567
139 2068.659000 107.207000 668
140 2062.500000 107.934000 593
141 2061.765000 107.707000 339
142 2065.672000 108.553000 866
143 2087.993000 108.410000 582
144 4898.161000 316.277000 8468
145 5429.502000 325.035000 5147
146 5332.534000 342.393000 2441
147 5357.257000 326.452000 15990
148 5402.769000 358.045000 2643
149 5213.361000 358.363000 1786
150 5292.822000 347.701000 5656
151 5404.634000 374.951000 457
152 2587.019000 119.783000 1851
153 2053.514000 119.194000 1860
154 2103.519000 106.740000 645
155 2072.866000 108.348000 737
156 2084.842000 108.067000 313
157 2067.677000 108.192000 387
158 2069.602000 107.880000 578
159 2070.985000 107.855000 465
160 2079.979000 107.678000 242
161 2673.993000 297.071000 699
162 4557.545000 117.134000 462
163 2138.712000 108.990000 1107
164 2141.510000 108.696000 1014
165 2076.877000 106.762000 1249
166 2064.450000 108.829000 1730
167 2095.627000 109.424000 697
168 2079.934000 108.819000 731
169 2091.731000 108.669000 361
170 2080.156000 107.987000 667
171 2074.020000 108.970000 468
172 2070.743000 108.788000 181
173 2077.077000 108.077000 558
174 2070.723000 107.907000 646
175 2075.110000 107.671000 406
176 2066.912000 107.725000 655
177 2054.316000 107.187000 587
178 2069.408000 107.946000 498
179 2069.891000 107.947000 324
180 2070.259000 107.944000 789
181 2075.614000 108.300000 265
182 2070.243000 107.727000 496
183 2069.277000 108.500000 729
184 2064.591000 108.247000 568
185 2067.786000 108.027000 654
186 3398.475000 109.303000 531
187 2158.812000 119.677000 1890
188 2216.900000 110.341000 899
189 2062.895000 107.066000 1072
190 2083.868000 108.262000 461
191 2075.737000 108.774000 803
192 2081.884000 108.655000 317
193 2082.452000 108.555000 403
194 2079.835000 108.256000 1076
195 2078.497000 108.886000 442
196 2089.354000 108.806000 718
197 3428.991000 117.340000 510
198 2175.588000 111.110000 334
199 2116.121000 111.201000 619
200 2102.695000 106.540000 888
[FINAL]:
Server Throughput=415540.291897 Byte/s
AverageUPL=2445.374000
    AverageRTT=133.384000
    tcpi_retransmits=0
    tcpi_rto=308000
    tcpi_lost=0
    tcpi_retrans=0
    tcpi_snd_cwnd=40
    tcpi_snd_ssthresh=30
    tcpi_total_retrans=158
cca=CUBIC, bf1=43, bf2=43, c2s=1 bytes, s2c=1000000 bytes, d1=1msms, d2=50msms, bw1=100Mbps, bw2=10Mbps
1 506.169000 136.775000 9438
2 795.927000 120.079000 2235
3 967.822000 111.721000 442
4 1139.546000 106.338000 538
5 1065.373000 106.909000 309
6 1039.237000 106.588000 1687
7 1021.912000 106.386000 489
8 976.495000 107.160000 977
9 1171.332000 107.284000 507
10 1031.800000 107.127000 285
11 970.778000 106.650000 448
12 1172.684000 106.812000 671
13 1035.485000 107.110000 1082
14 967.333000 106.232000 569
15 1171.531000 107.170000 476
16 1037.283000 107.199000 894
17 971.609000 106.688000 496
18 1172.313000 107.724000 1016
19 4183.655000 352.942000 18827
20 5342.309000 643.468000 5837
21 2660.196000 149.922000 1159
22 1432.866000 164.063000 407
23 1281.773000 108.059000 288
24 1048.928000 108.766000 1278
25 986.828000 108.819000 1384
26 1193.250000 108.861000 745
27 1053.770000 109.544000 791
28 968.301000 106.885000 593
29 1171.602000 106.546000 520
30 1038.303000 107.038000 1185
31 966.552000 106.427000 310
32 1172.086000 108.006000 610
33 1036.618000 107.305000 1231
34 968.742000 106.715000 486
35 1172.472000 107.146000 519
36 1031.577000 107.103000 304
37 970.666000 107.910000 873
38 1168.763000 106.771000 422
39 1038.531000 107.280000 935
40 968.682000 106.609000 380
41 1174.107000 106.685000 597
42 1029.649000 106.817000 483
43 967.205000 106.687000 445
44 1176.654000 107.055000 677
45 1032.714000 107.005000 817
46 969.095000 107.227000 691
47 1170.280000 107.692000 1192
48 1033.274000 107.302000 1077
49 1491.512000 522.223000 96843
50 5310.652000 642.019000 5703
51 5299.381000 659.143000 5496
52 5404.868000 659.187000 5322
53 1636.753000 144.066000 600
54 1211.090000 110.371000 1393
55 989.872000 110.059000 977
56 1195.226000 108.273000 375
57 1037.588000 107.798000 514
58 976.702000 107.699000 301
59 1188.473000 108.061000 611
60 1037.814000 107.516000 161
61 967.272000 107.304000 648
62 1174.944000 107.021000 978
63 1025.229000 106.325000 645
64 969.673000 107.045000 428
65 1171.503000 107.675000 806
66 1034.993000 107.215000 571
67 969.877000 106.908000 368
68 1173.337000 107.314000 568
69 1031.806000 107.605000 427
70 970.495000 106.676000 441
71 1168.692000 107.242000 667
72 1035.654000 107.190000 879
73 970.883000 106.995000 635
74 1172.028000 107.342000 1004
75 1032.314000 106.644000 376
76 970.847000 107.076000 587
77 1169.087000 107.817000 1208
78 1031.021000 107.160000 1098
79 969.828000 106.854000 417
80 1175.268000 107.010000 520
81 1031.447000 106.540000 295
82 968.476000 106.437000 338
83 1172.109000 106.835000 348
84 1031.496000 107.435000 476
85 967.498000 106.708000 335
86 1176.661000 107.375000 658
87 1028.369000 106.816000 268
88 969.185000 107.025000 562
89 1169.426000 107.511000 640
90 1034.470000 107.066000 572
91 969.667000 107.228000 230
92 1172.108000 107.459000 708
93 1034.725000 107.657000 1194
94 969.562000 106.982000 426
95 1170.014000 107.019000 648
96 1031.576000 106.801000 297
97 969.594000 106.747000 390
98 1171.082000 107.060000 687
99 1030.739000 107.420000 644
100 968.765000 107.442000 489
101 1168.172000 107.071000 450
102 1034.653000 107.531000 1010
103 970.704000 106.940000 507
104 1173.496000 106.816000 550
105 1029.490000 106.808000 410
106 969.734000 106.826000 463
107 1168.010000 107.159000 675
108 1034.152000 106.889000 578
109 968.724000 106.902000 856
110 1171.722000 106.580000 438
111 1034.689000 106.845000 656
112 969.947000 106.295000 476
113 1174.947000 107.297000 530
114 1030.066000 106.978000 235
115 969.394000 106.887000 266
116 1171.524000 107.736000 1186
117 1037.648000 107.723000 654
118 968.833000 106.806000 540
119 1168.608000 107.072000 598
120 1035.503000 107.903000 1163
121 969.908000 106.374000 426
122 1176.250000 106.996000 672
123 1031.377000 106.814000 240
124 970.781000 106.762000 384
125 1169.669000 107.465000 810
126 1029.846000 106.535000 332
127 967.831000 107.016000 462
128 1173.997000 107.129000 553
129 1030.945000 107.256000 459
130 970.444000 107.385000 373
131 1171.595000 106.846000 622
132 1029.826000 106.516000 227
133 967.877000 106.610000 266
134 1167.614000 106.925000 810
135 1034.663000 107.436000 809
136 969.451000 106.617000 264
137 1171.845000 107.376000 548
138 1031.783000 106.705000 294
139 968.213000 106.559000 508
140 1173.077000 106.981000 647
141 1029.963000 107.365000 801
142 971.376000 106.547000 564
143 1170.698000 107.481000 978
144 1029.885000 106.643000 475
145 968.891000 106.518000 271
146 3678.669000 117.742000 1172
147 1714.867000 110.045000 2236
148 1428.993000 112.593000 5265
149 1152.499000 108.813000 1141
150 961.400000 120.314000 1089
151 1046.360000 109.188000 749
152 1194.537000 107.662000 578
153 1120.901000 106.509000 1156
154 1096.212000 106.657000 592
155 1055.111000 107.408000 1293
156 1008.770000 107.742000 819
157 960.474000 107.360000 489
158 1146.631000 106.805000 485
159 1025.383000 106.688000 1292
160 954.983000 106.690000 467
161 1144.884000 106.876000 545
162 1057.923000 106.968000 1326
163 951.712000 106.770000 960
164 1140.741000 106.627000 639
165 1031.433000 107.261000 861
166 951.591000 106.695000 427
167 1145.146000 107.335000 471
168 1017.758000 107.097000 622
169 951.429000 106.659000 409
170 1144.003000 107.038000 803
171 1018.622000 106.553000 602
172 949.244000 107.090000 428
173 1140.697000 107.882000 765
174 1020.237000 107.686000 951
175 952.736000 107.093000 248
176 1142.871000 107.205000 668
177 1014.672000 106.927000 918
178 951.712000 107.238000 586
179 1143.060000 107.563000 797
180 1015.870000 107.585000 793
181 953.606000 107.875000 471
182 2285.091000 592.572000 2452
183 5348.057000 657.662000 10362
184 5342.754000 709.498000 3932
185 5315.543000 701.362000 2156
186 3983.271000 178.213000 1115
187 1417.571000 155.424000 1289
188 1437.040000 175.598000 41
189 1428.266000 141.801000 1689
190 1426.296000 145.449000 915
191 1286.271000 109.742000 1422
192 1046.050000 108.746000 611
193 996.188000 110.111000 1964
194 1183.670000 108.659000 692
195 1037.094000 107.027000 284
196 973.131000 107.156000 464
197 1174.870000 107.175000 781
198 1034.842000 107.496000 527
199 968.658000 107.203000 817
200 1173.689000 107.718000 658
[FINAL]:
Server Throughput=779807.198285 Byte/s
AverageUPL=1278.419000
    AverageRTT=132.447000
    tcpi_retransmits=0
    tcpi_rto=308000
    tcpi_lost=0
    tcpi_retrans=0
    tcpi_snd_cwnd=76
    tcpi_snd_ssthresh=60
    tcpi_total_retrans=147
cca=CUBIC, bf1=86, bf2=86, c2s=1 bytes, s2c=1000000 bytes, d1=1msms, d2=50msms, bw1=100Mbps, bw2=10Mbps
1 497.694000 134.776000 8621
2 746.824000 111.784000 7394
3 939.862000 141.837000 1208
4 940.297000 153.902000 412
5 941.684000 161.318000 643
6 941.436000 164.337000 1192
7 941.928000 164.224000 1328
8 941.630000 164.192000 1210
9 942.167000 164.221000 1154
10 941.367000 166.917000 1168
11 943.113000 172.242000 1340
12 942.067000 181.413000 930
13 939.986000 194.851000 870
14 939.995000 215.342000 716
15 942.164000 169.557000 680
16 939.804000 191.049000 1562
17 1223.985000 478.036000 18748
18 941.888000 156.278000 1173
19 940.069000 167.840000 692
20 941.492000 174.186000 1172
21 939.923000 178.016000 890
22 940.274000 178.546000 999
23 939.597000 177.707000 568
24 939.772000 178.168000 771
25 940.237000 180.842000 954
26 940.587000 185.198000 906
27 941.686000 193.102000 852
28 3828.911000 1120.043000 82557
29 3244.658000 311.270000 10026
30 1050.995000 191.651000 923
31 950.730000 204.321000 1713
32 944.740000 206.367000 525
33 939.966000 210.727000 410
34 940.918000 161.664000 911
35 941.086000 181.791000 689
36 941.561000 194.811000 560
37 941.907000 203.783000 1081
38 940.173000 208.940000 270
39 942.446000 156.091000 1166
40 939.882000 168.259000 655
41 941.458000 174.312000 1078
42 940.496000 178.116000 703
43 940.507000 178.327000 749
44 939.454000 178.434000 828
45 939.745000 178.166000 690
46 940.357000 180.488000 599
47 941.840000 185.552000 698
48 940.453000 193.261000 640
49 941.956000 207.443000 1716
50 949.718000 108.333000 976
51 940.851000 116.998000 833
52 939.899000 122.004000 889
53 939.592000 123.514000 844
54 2414.987000 762.487000 2181
55 5373.232000 1050.951000 20781
56 1979.453000 197.650000 15770
57 941.361000 219.914000 1754
58 940.511000 170.399000 1106
59 941.871000 182.718000 986
60 941.291000 190.623000 952
61 940.387000 194.118000 781
62 940.988000 194.453000 600
63 941.532000 194.569000 724
64 940.770000 194.745000 768
65 942.545000 196.723000 791
66 940.734000 201.420000 772
67 941.422000 207.173000 1638
68 939.769000 161.100000 688
69 940.984000 181.293000 652
70 941.785000 195.041000 635
71 940.906000 203.999000 689
72 939.306000 208.280000 723
73 940.740000 161.301000 508
74 941.083000 181.357000 773
75 941.376000 195.120000 1199
76 941.474000 203.882000 869
77 940.390000 208.547000 398
78 951.192000 108.813000 487
79 942.704000 117.054000 952
80 940.143000 121.988000 895
81 940.238000 123.772000 647
82 942.250000 123.760000 1037
83 939.931000 125.693000 941
84 940.780000 129.468000 1604
85 941.368000 133.611000 1181
86 939.477000 140.394000 652
87 941.420000 156.453000 828
88 940.392000 177.363000 664
89 940.811000 203.954000 1132
90 949.769000 109.177000 849
91 941.558000 116.875000 1054
92 940.670000 122.002000 901
93 939.995000 123.477000 434
94 939.669000 123.766000 753
95 939.785000 126.137000 1180
96 940.601000 129.219000 1293
97 942.260000 133.713000 641
98 939.918000 140.252000 563
99 940.285000 156.427000 540
100 940.057000 176.680000 1121
101 940.558000 203.924000 899
102 939.899000 163.383000 935
103 942.168000 184.043000 1179
104 941.795000 198.301000 1189
105 941.030000 206.223000 575
106 951.507000 108.670000 466
107 941.260000 117.162000 1393
108 941.582000 121.935000 822
109 940.239000 123.360000 856
110 940.092000 123.644000 812
111 940.734000 126.436000 1276
112 940.277000 129.000000 1248
113 944.817000 137.162000 1239
114 939.420000 139.731000 447
115 939.566000 156.053000 476
116 941.068000 177.000000 1302
117 940.968000 204.206000 1235
118 948.768000 108.542000 885
119 942.227000 117.409000 1045
120 938.528000 121.995000 841
121 941.883000 123.640000 742
122 940.041000 123.711000 821
123 940.575000 125.926000 1147
124 940.451000 129.329000 1547
125 942.110000 133.202000 505
126 939.443000 140.152000 794
127 942.020000 156.035000 797
128 941.521000 177.358000 1340
129 5309.650000 1071.453000 64342
130 5322.173000 987.181000 21224
131 5404.880000 942.733000 11029
132 5339.273000 1135.208000 18599
133 5295.539000 1220.864000 9486
134 5374.022000 1356.726000 4215
135 4838.956000 928.158000 42806
136 5294.452000 1086.774000 8105
137 5373.766000 1156.220000 5417
138 4203.690000 141.589000 56709
139 948.078000 219.777000 1424
140 946.649000 165.770000 559
141 940.209000 177.585000 793
142 940.480000 185.388000 863
143 939.832000 189.835000 692
144 941.001000 190.277000 999
145 941.462000 190.129000 970
146 941.627000 189.996000 790
147 942.381000 190.886000 1030
148 942.519000 196.600000 1220
149 940.778000 203.382000 333
150 941.248000 214.302000 1847
151 943.444000 111.398000 463
152 941.875000 120.464000 1692
153 941.297000 126.122000 555
154 940.012000 126.760000 1163
155 941.737000 127.192000 1565
156 940.543000 126.926000 1423
157 942.393000 131.342000 1031
158 2725.309000 256.659000 33897
159 1430.257000 297.999000 2169
160 1385.791000 326.561000 5931
161 950.530000 193.019000 1419
162 942.066000 215.954000 1275
163 940.409000 163.657000 1120
164 943.714000 177.380000 2343
165 941.592000 182.841000 1115
166 939.382000 187.596000 322
167 940.085000 187.760000 492
168 951.088000 194.519000 1692
169 941.155000 187.654000 809
170 941.807000 190.025000 398
171 940.750000 193.080000 890
172 941.324000 201.732000 987
173 941.499000 213.810000 944
174 939.531000 166.319000 585
175 942.850000 187.626000 852
176 938.249000 201.880000 905
177 941.578000 211.159000 287
178 940.211000 158.355000 790
179 940.189000 170.062000 1136
180 941.251000 176.415000 809
181 939.697000 180.786000 863
182 940.584000 180.772000 1032
183 939.197000 180.701000 835
184 940.290000 180.824000 795
185 941.287000 183.337000 1220
186 939.228000 187.669000 593
187 940.541000 195.577000 431
188 940.681000 208.920000 1028
189 941.006000 163.956000 656
190 940.834000 183.957000 710
191 941.032000 198.422000 1069
192 940.419000 206.225000 256
193 941.893000 156.042000 946
194 940.731000 168.136000 904
195 1168.525000 319.683000 85397
196 2663.852000 279.952000 548
197 1380.758000 281.475000 1000
198 1436.637000 292.161000 1037
199 1432.719000 310.050000 2123
200 1437.406000 354.355000 1462
[FINAL]:
Server Throughput=802848.751436 Byte/s
AverageUPL=1430.864000
    AverageRTT=263.436000
    tcpi_retransmits=0
    tcpi_rto=556000
    tcpi_lost=0
    tcpi_retrans=0
    tcpi_snd_cwnd=196
    tcpi_snd_ssthresh=137
    tcpi_total_retrans=207
cca=CUBIC, bf1=173, bf2=173, c2s=1 bytes, s2c=1000000 bytes, d1=1msms, d2=50msms, bw1=100Mbps, bw2=10Mbps
1 521.372000 142.089000 9461
2 726.600000 431.077000 5995
3 969.430000 315.173000 1132
4 960.211000 335.724000 1082
5 964.177000 364.428000 797
6 960.042000 386.105000 793
7 959.457000 402.420000 875
8 963.523000 418.638000 1344
9 962.234000 427.609000 853
10 958.387000 429.956000 1188
11 968.080000 307.431000 982
12 941.153000 316.234000 760
13 940.746000 331.958000 518
14 939.608000 343.865000 558
15 941.276000 351.633000 1320
16 940.319000 356.794000 383
17 940.704000 359.552000 957
18 941.080000 360.267000 914
19 940.260000 360.166000 930
20 942.661000 360.502000 1016
21 940.511000 360.374000 864
22 939.446000 361.757000 567
23 940.360000 364.512000 720
24 938.655000 367.175000 436
25 939.505000 373.993000 423
26 941.503000 383.918000 628
27 939.789000 395.450000 764
28 939.994000 410.268000 642
29 939.089000 297.249000 1128
30 942.874000 325.968000 1349
31 940.564000 351.955000 1363
32 939.914000 371.971000 545
33 938.913000 388.331000 777
34 4112.244000 2502.214000 3645
35 5071.433000 2321.254000 19043
36 5155.148000 1722.779000 16339
37 5375.108000 2352.959000 10732
38 5405.323000 2596.002000 16001
39 5378.622000 2656.711000 11666
40 5264.308000 1882.489000 20333
41 5435.476000 2493.987000 19818
42 5233.551000 1780.152000 23155
43 5410.757000 2190.866000 11871
44 5219.956000 2068.615000 7626
45 5389.627000 2435.165000 10203
46 3409.605000 485.069000 3965
47 1148.072000 403.235000 1533
48 1061.431000 435.358000 842
49 1051.903000 462.195000 1519
50 1060.742000 476.580000 988
51 939.524000 302.383000 1047
52 944.065000 323.328000 671
53 941.164000 338.151000 1385
54 941.897000 349.339000 1248
55 939.246000 357.978000 632
56 941.640000 363.043000 1011
57 941.821000 367.045000 525
58 944.424000 369.148000 1396
59 952.595000 379.895000 854
60 940.443000 367.410000 943
61 941.003000 367.537000 941
62 941.344000 369.503000 520
63 941.827000 372.015000 749
64 941.216000 374.895000 1482
65 940.397000 379.750000 888
66 940.233000 388.449000 467
67 941.519000 399.292000 1015
68 940.320000 412.604000 1125
69 939.933000 298.150000 996
70 939.385000 326.883000 602
71 939.303000 353.190000 1041
72 940.834000 374.059000 1079
73 939.269000 389.433000 751
74 940.638000 401.165000 896
75 939.462000 410.521000 477
76 2654.134000 2100.363000 6920
77 1436.737000 662.818000 832
78 1391.289000 433.629000 5040
79 1307.228000 402.529000 7707
80 943.159000 362.705000 974
81 939.228000 383.605000 1317
82 942.458000 396.640000 796
83 939.776000 406.600000 1090
84 941.693000 413.730000 368
85 940.644000 419.252000 618
86 939.654000 295.542000 1551
87 942.626000 313.220000 819
88 939.748000 329.509000 508
89 940.744000 340.203000 771
90 940.893000 348.752000 1751
91 940.250000 353.797000 619
92 939.063000 355.471000 681
93 939.481000 356.683000 470
94 940.247000 356.681000 525
95 939.881000 356.741000 552
96 938.890000 356.912000 358
97 941.657000 357.943000 893
98 938.485000 360.279000 838
99 940.421000 365.009000 912
100 941.819000 372.022000 696
101 939.263000 379.166000 473
102 941.600000 392.874000 1468
103 5349.002000 1660.532000 256172
104 5237.153000 948.129000 399073
105 5370.819000 2430.246000 17164
106 2143.394000 427.016000 792
107 942.203000 301.185000 832
108 943.076000 319.928000 1433
109 939.879000 334.769000 860
110 940.294000 346.979000 1603
111 941.114000 354.011000 1028
112 940.384000 360.425000 682
113 940.946000 362.920000 956
114 939.747000 364.906000 645
115 938.972000 364.824000 500
116 938.748000 364.486000 280
117 940.332000 364.675000 321
118 938.917000 364.798000 593
119 939.784000 367.372000 536
120 939.448000 372.047000 638
121 939.964000 377.253000 733
122 940.619000 386.283000 772
123 940.449000 396.861000 851
124 940.533000 411.234000 826
125 939.600000 297.375000 1108
126 942.029000 326.233000 1722
127 941.108000 351.828000 1332
128 940.768000 371.805000 1022
129 942.280000 388.698000 815
130 939.159000 400.365000 1148
131 1784.841000 919.538000 55408
132 942.534000 418.690000 820
133 942.649000 419.947000 833
134 939.103000 422.008000 797
135 940.205000 297.417000 1345
136 940.948000 325.809000 1456
137 941.163000 351.815000 1125
138 939.460000 372.184000 698
139 941.099000 388.839000 1051
140 940.088000 401.084000 657
141 940.323000 408.475000 935
142 940.542000 415.078000 874
143 945.984000 419.241000 612
144 934.820000 422.075000 462
145 939.911000 297.725000 1281
146 941.608000 326.084000 1665
147 940.594000 351.979000 1328
148 939.191000 372.153000 365
149 940.962000 388.691000 707
150 941.365000 401.181000 1127
151 939.948000 408.341000 1057
152 940.383000 414.800000 700
153 940.862000 418.783000 508
154 939.571000 294.981000 1082
155 941.470000 312.563000 643
156 3635.482000 512.214000 32598
157 1439.316000 560.721000 705
158 951.374000 360.280000 231
159 950.328000 361.083000 797
160 941.660000 357.485000 894
161 940.782000 359.934000 823
162 942.006000 364.665000 513
163 942.065000 370.005000 1160
164 941.876000 379.624000 1125
165 940.975000 391.263000 663
166 943.174000 406.155000 1242
167 940.770000 424.381000 1054
168 939.942000 309.093000 1420
169 941.399000 337.497000 1068
170 940.094000 363.886000 815
171 939.618000 384.477000 647
172 941.950000 401.622000 1020
173 940.238000 412.935000 310
174 940.921000 293.920000 1272
175 938.582000 312.781000 712
176 941.147000 327.133000 497
177 939.777000 339.371000 1196
178 941.722000 346.790000 1425
179 939.572000 351.800000 429
180 941.103000 354.663000 910
181 940.828000 355.954000 731
182 3479.186000 2119.521000 19843
183 1444.954000 565.980000 104
184 1445.638000 570.846000 1196
185 1302.279000 446.371000 8191
186 949.771000 381.086000 779
187 940.314000 392.034000 1018
188 942.474000 406.769000 1004
189 940.992000 426.975000 1431
190 938.267000 308.804000 869
191 939.724000 336.773000 718
192 938.309000 363.253000 652
193 940.129000 383.788000 491
194 939.733000 401.733000 1301
195 941.930000 414.797000 1183
196 938.751000 424.409000 1006
197 940.928000 300.670000 1045
198 939.646000 320.000000 601
199 941.133000 334.822000 1075
200 940.007000 347.093000 1444
[FINAL]:
Server Throughput=748397.938212 Byte/s
AverageUPL=1163.720000
    AverageRTT=438.441000
    tcpi_retransmits=0
    tcpi_rto=548000
    tcpi_lost=0
    tcpi_retrans=0
    tcpi_snd_cwnd=290
    tcpi_snd_ssthresh=248
    tcpi_total_retrans=26
cca=CUBIC, bf1=346, bf2=346, c2s=1 bytes, s2c=1000000 bytes, d1=1msms, d2=50msms, bw1=100Mbps, bw2=10Mbps
1 497.177000 134.188000 8936
2 688.901000 406.063000 5506
3 941.663000 448.141000 1223
4 941.177000 488.413000 1053
5 1068.870000 202.854000 65419
6 809.319000 567.637000 968
7 940.239000 606.660000 798
8 941.079000 647.053000 945
9 941.573000 687.791000 701
10 937.864000 728.112000 904
11 942.212000 770.088000 3395
12 939.891000 825.013000 22960
13 941.108000 922.684000 19336
14 940.149000 922.274000 19428
15 943.314000 922.323000 19805
16 1790.432000 1770.785000 19302
17 946.955000 927.784000 19417
18 943.764000 923.823000 19256
19 939.730000 920.924000 19731
20 940.219000 922.119000 19213
21 942.439000 922.308000 19450
22 942.221000 922.163000 19632
23 939.976000 921.489000 19437
24 940.716000 922.187000 19432
25 941.848000 922.292000 19625
26 938.773000 921.127000 19409
27 1224.775000 1125.316000 146730
28 938.600000 921.079000 19330
29 940.251000 922.080000 19162
30 942.332000 922.443000 19631
31 941.416000 921.116000 19584
32 939.966000 921.465000 19325
33 941.311000 922.095000 19368
34 940.215000 921.483000 19566
35 957.026000 938.909000 19313
36 941.414000 922.576000 19469
37 2902.347000 2872.777000 31204
38 1015.798000 996.615000 19551
39 951.618000 931.824000 19282
40 948.408000 930.210000 19081
41 944.346000 924.340000 19533
42 942.436000 922.303000 19201
43 940.910000 921.763000 19360
44 940.955000 921.633000 19346
45 943.804000 923.075000 19711
46 939.557000 920.771000 19672
47 942.895000 922.480000 19715
48 940.948000 921.398000 19508
49 940.006000 921.321000 19617
50 940.689000 922.501000 19362
51 941.260000 922.785000 19450
52 942.730000 922.496000 19573
53 941.362000 921.217000 19753
54 939.341000 921.045000 19533
55 939.816000 922.252000 19285
56 939.954000 922.377000 19054
57 939.904000 922.035000 19135
58 942.163000 923.718000 19461
59 941.029000 922.307000 19573
60 941.110000 922.279000 19162
61 939.855000 921.336000 19362
62 943.148000 923.003000 19577
63 939.193000 920.941000 19276
64 942.532000 922.376000 19639
65 940.129000 921.971000 19396
66 941.257000 922.631000 19592
67 941.367000 922.661000 19538
68 941.206000 922.716000 19271
69 940.328000 922.413000 19022
70 942.558000 922.352000 19715
71 939.635000 921.359000 19459
72 3653.047000 3623.713000 31195
73 1110.367000 1090.233000 19709
74 946.927000 926.495000 19642
75 941.812000 922.429000 19688
76 942.889000 922.496000 19709
77 939.976000 920.846000 19444
78 940.712000 922.288000 19322
79 941.759000 922.039000 19645
80 939.278000 921.006000 19171
81 940.792000 922.117000 19443
82 940.920000 922.418000 19360
83 941.716000 922.414000 19394
84 939.425000 921.065000 19327
85 940.984000 922.183000 19565
86 941.390000 922.487000 19586
87 940.836000 922.324000 19367
88 942.583000 922.337000 19574
89 941.114000 922.072000 19520
90 941.096000 922.480000 19490
91 941.268000 922.433000 19643
92 939.839000 921.807000 19343
93 941.973000 923.009000 19510
94 941.159000 922.332000 19395
95 940.961000 922.407000 19664
96 943.543000 922.909000 19605
97 940.037000 921.092000 19521
98 940.765000 922.265000 19412
99 941.367000 922.398000 19582
100 940.045000 921.983000 19204
101 939.860000 922.390000 19130
102 940.195000 922.486000 19354
103 942.314000 922.609000 19494
104 940.826000 922.169000 19311
105 939.439000 921.744000 19113
106 940.290000 922.436000 19183
107 940.565000 922.598000 19380
108 940.502000 922.311000 19312
109 942.555000 922.755000 19644
110 941.085000 921.771000 19389
111 939.806000 921.875000 19265
112 944.082000 922.609000 19684
113 938.318000 920.166000 19446
114 939.961000 922.028000 19213
115 942.832000 922.414000 19758
116 940.644000 921.576000 19428
117 939.557000 921.093000 19453
118 942.035000 922.010000 19555
119 940.586000 921.763000 19297
120 3680.919000 3650.923000 31290
121 1460.743000 1431.168000 31189
122 1272.027000 1252.783000 19649
123 943.546000 922.887000 19709
124 941.694000 922.108000 19653
125 942.252000 922.727000 19433
126 940.294000 921.143000 19395
127 939.318000 921.059000 19361
128 941.011000 922.079000 19706
129 942.045000 922.490000 19152
130 940.263000 921.497000 19551
131 942.270000 922.152000 19593
132 943.723000 922.923000 21799
133 940.311000 922.220000 19573
134 942.152000 922.675000 19421
135 939.983000 921.322000 19304
136 941.806000 922.530000 19536
137 939.186000 922.195000 19212
138 941.273000 922.387000 19276
139 940.389000 922.490000 19198
140 941.384000 922.592000 19391
141 941.350000 922.562000 19319
142 940.514000 922.063000 19288
143 940.589000 922.367000 19433
144 939.289000 922.085000 19307
145 940.195000 922.419000 19422
146 940.479000 922.218000 19370
147 940.285000 922.218000 19243
148 942.245000 922.929000 19607
149 940.895000 922.365000 19493
150 940.395000 922.122000 19518
151 939.860000 922.641000 19128
152 941.281000 922.496000 19580
153 942.233000 922.415000 19255
154 939.672000 921.196000 19317
155 940.455000 922.186000 19486
156 942.263000 922.362000 19504
157 940.350000 921.504000 19355
158 939.517000 921.389000 19142
159 941.151000 922.343000 19522
160 940.540000 922.188000 19354
161 942.464000 922.334000 19495
162 940.144000 921.814000 19294
163 941.799000 922.152000 19477
164 939.419000 921.245000 19356
165 2897.985000 2868.402000 31207
166 1390.102000 1369.933000 19575
167 942.724000 922.337000 19396
168 941.734000 921.106000 19594
169 938.388000 920.506000 19459
170 943.720000 922.260000 20141
171 938.866000 920.735000 19089
172 941.458000 922.192000 19508
173 943.095000 922.243000 19836
174 942.152000 921.670000 19741
175 941.478000 921.201000 19496
176 939.301000 921.341000 19309
177 940.154000 922.484000 19203
178 940.349000 922.103000 19390
179 940.335000 922.265000 19307
180 940.492000 922.251000 19349
181 940.694000 922.351000 19385
182 941.528000 922.974000 19504
183 942.842000 922.785000 19532
184 938.556000 921.106000 19328
185 940.714000 922.283000 19436
186 942.817000 922.741000 19722
187 940.930000 921.855000 19738
188 942.139000 921.998000 19450
189 941.109000 921.228000 19560
190 938.113000 921.210000 19332
191 942.642000 922.405000 19650
192 939.815000 921.505000 19301
193 940.699000 922.151000 19350
194 943.935000 924.212000 19545
195 939.584000 921.028000 19429
196 941.078000 922.409000 19322
197 941.365000 922.653000 19480
198 941.459000 922.689000 19637
199 942.438000 922.357000 19413
200 940.963000 921.506000 19573
[FINAL]:
Server Throughput=1001987.391892 Byte/s
AverageUPL=1000.951000
    AverageRTT=981.712000
    tcpi_retransmits=0
    tcpi_rto=1492000
    tcpi_lost=0
    tcpi_retrans=0
    tcpi_snd_cwnd=700
    tcpi_snd_ssthresh=337
    tcpi_total_retrans=0
