cca=BBR, bf1=21, bf2=21, c2s=1 bytes, s2c=1000000 bytes, d1=1msms, d2=50msms, bw1=100Mbps, bw2=10Mbps
1 1467.389000 208.677000 111666
2 984.193000 195.859000 109385
3 1186.426000 184.693000 104373
4 991.115000 174.872000 97921
5 986.248000 166.212000 90760
6 978.913000 158.632000 83230
7 983.293000 152.084000 75519
8 979.994000 146.356000 68095
9 1003.066000 141.339000 61105
10 983.225000 137.003000 54501
11 980.353000 133.275000 48333
12 981.942000 129.929000 42942
13 1389.487000 126.921000 38222
14 980.470000 124.276000 33956
15 980.910000 121.941000 30137
16 973.187000 119.964000 26556
17 990.128000 118.277000 23291
18 980.401000 116.742000 20539
19 979.115000 115.448000 17992
20 978.793000 114.322000 15747
21 977.028000 113.172000 14110
22 1060.049000 112.279000 12368
23 1109.461000 111.485000 10864
24 2909.187000 120.926000 27029
25 1452.005000 120.400000 21322
26 994.048000 118.774000 19244
27 1060.959000 117.380000 17222
28 1076.940000 116.264000 15149
29 1036.901000 115.300000 13289
30 1083.825000 114.170000 12227
31 1118.206000 113.239000 11032
32 1109.828000 112.377000 9998
33 981.984000 111.647000 8958
34 977.851000 110.944000 8125
35 993.717000 110.303000 7375
36 1108.878000 109.736000 6665
37 997.972000 109.294000 5883
38 984.965000 108.919000 5162
39 1125.138000 108.662000 4387
40 1103.386000 108.296000 4021
41 988.733000 107.995000 3618
42 1036.564000 107.759000 3186
43 984.470000 107.946000 2762
44 982.321000 107.798000 2366
45 977.669000 107.685000 2001
46 1060.184000 107.518000 1835
47 1132.273000 107.437000 1539
48 1009.577000 107.308000 1412
49 1032.670000 107.091000 1422
50 978.464000 106.988000 1272
51 976.686000 106.938000 1053
52 1300.177000 106.841000 984
53 976.589000 107.162000 1379
54 1082.160000 107.019000 1321
55 1074.188000 107.006000 1015
56 1015.468000 106.815000 1031
57 979.137000 106.657000 1038
58 980.016000 106.573000 945
59 1079.359000 106.453000 945
60 4561.270000 109.856000 7515
61 1608.240000 110.709000 7341
62 1836.280000 111.404000 6897
63 1491.993000 112.077000 6518
64 1491.399000 112.635000 6004
65 1491.433000 113.169000 5572
66 4086.299000 113.600000 5041
67 5966.884000 122.774000 22128
68 6101.542000 130.817000 32682
69 5899.096000 137.837000 38552
70 6092.246000 144.009000 41258
71 5685.878000 149.375000 41675
72 5697.145000 154.057000 40620
73 5886.609000 158.240000 38832
74 6212.353000 161.861000 36365
75 2148.013000 156.389000 36597
76 1042.475000 150.565000 36909
77 1013.924000 145.433000 37038
78 978.642000 140.557000 37100
79 989.101000 136.281000 36376
80 985.749000 132.516000 34813
81 977.796000 129.135000 32871
82 1002.770000 126.276000 30372
83 1081.299000 123.765000 27800
84 1071.042000 121.532000 25316
85 1056.277000 119.633000 22785
86 1117.179000 118.018000 20320
87 975.005000 116.504000 18267
88 983.235000 115.210000 16289
89 1067.915000 114.031000 14575
90 1124.799000 113.102000 12789
91 1002.641000 112.311000 11174
92 986.009000 111.553000 9895
93 977.447000 110.884000 8760
94 976.797000 110.374000 7591
95 998.655000 109.786000 6868
96 1100.179000 109.329000 6066
97 981.016000 108.910000 5387
98 995.979000 108.560000 4740
99 979.085000 108.179000 4318
100 979.228000 107.931000 3733
101 1312.286000 107.815000 3033
102 1119.250000 107.494000 2916
103 978.644000 107.253000 2669
104 983.161000 107.130000 2249
105 982.360000 106.978000 1989
106 983.149000 106.867000 1713
107 986.392000 106.774000 1472
108 984.707000 106.765000 1122
109 978.562000 106.728000 915
110 1676.795000 106.794000 819
111 1022.285000 106.708000 786
112 986.025000 106.585000 792
113 983.946000 106.540000 685
114 988.934000 106.473000 646
115 982.788000 106.486000 510
116 983.652000 106.497000 404
117 985.026000 106.474000 350
118 980.814000 106.469000 271
119 3302.269000 106.419000 275
120 6045.459000 116.544000 20456
121 5709.539000 123.382000 29018
122 5919.801000 131.348000 37696
123 6045.251000 138.328000 42232
124 5685.951000 144.427000 43873
125 5686.003000 149.766000 43581
126 3443.954000 154.436000 42027
127 1485.098000 149.716000 40960
128 1491.001000 145.602000 38948
129 1491.534000 142.000000 36416
130 1494.860000 138.830000 33652
131 1487.522000 136.092000 30713
132 1069.168000 133.656000 27909
133 992.482000 130.297000 27648
134 981.926000 127.407000 26517
135 986.308000 124.816000 25069
136 983.619000 122.573000 23288
137 1091.096000 120.588000 21436
138 981.783000 118.813000 19627
139 983.468000 117.344000 17659
140 981.478000 116.114000 15703
141 1338.104000 114.850000 14306
142 1053.284000 113.778000 12873
143 1112.422000 112.704000 11803
144 1030.497000 111.729000 10803
145 983.507000 111.047000 9466
146 979.877000 110.500000 8194
147 977.897000 109.954000 7237
148 1015.150000 109.487000 6361
149 1113.792000 109.006000 5732
150 1115.829000 108.584000 5144
151 976.573000 108.388000 4250
152 1322.849000 108.101000 3762
153 1086.450000 107.887000 3249
154 1041.130000 107.800000 2611
155 1067.513000 107.571000 2416
156 1075.350000 107.455000 2045
157 984.230000 107.309000 1825
158 982.673000 107.208000 1571
159 978.549000 107.107000 1380
160 1113.796000 107.031000 1186
161 983.204000 106.893000 1166
162 1022.542000 106.880000 900
163 1128.528000 106.667000 925
164 1072.059000 106.577000 874
165 1053.530000 106.466000 874
166 1065.145000 106.392000 803
167 982.212000 106.297000 793
168 1003.174000 106.345000 691
169 980.450000 106.307000 595
170 1013.160000 106.259000 543
171 985.469000 106.329000 547
172 982.436000 106.266000 535
173 3620.793000 106.221000 492
174 1565.558000 107.523000 2973
175 1461.352000 108.710000 4603
176 1028.150000 108.543000 3786
177 996.743000 108.476000 2972
178 1108.829000 108.501000 2278
179 1005.392000 108.624000 1955
180 1043.255000 108.629000 1476
181 996.500000 108.538000 1290
182 987.957000 108.284000 1313
183 990.876000 108.038000 1333
184 985.376000 107.824000 1345
185 985.802000 107.606000 1357
186 1078.897000 107.446000 1338
187 982.815000 107.413000 1069
188 1033.938000 107.306000 1017
189 1064.681000 107.161000 1021
190 1014.888000 106.956000 1040
191 1130.687000 106.954000 785
192 1124.250000 106.826000 792
193 981.315000 106.674000 805
194 1081.468000 106.548000 812
195 1127.981000 106.581000 675
196 1087.980000 106.580000 507
197 1229.152000 106.552000 437
198 1052.384000 106.493000 438
199 979.863000 106.517000 377
200 1078.249000 106.474000 368
[FINAL]:
Client Throughput=0.668652 Byte/s
AverageUPL=1436.848000
    AverageRTT=112.845000
    tcpi_retransmits=0
    tcpi_rto=308000
    tcpi_lost=0
    tcpi_retrans=0
    tcpi_snd_cwnd=18
    tcpi_snd_ssthresh=2147483647
    tcpi_total_retrans=2
cca=BBR, bf1=43, bf2=43, c2s=1 bytes, s2c=1000000 bytes, d1=1msms, d2=50msms, bw1=100Mbps, bw2=10Mbps
1 1295.471000 208.049000 111350
2 954.364000 195.815000 107981
3 942.187000 184.685000 103245
4 942.548000 175.060000 96685
5 941.028000 166.497000 89639
6 939.942000 158.935000 82353
7 939.436000 152.320000 74996
8 942.770000 146.523000 67840
9 939.875000 141.440000 61047
10 940.606000 137.015000 54635
11 940.093000 133.138000 48730
12 939.929000 129.723000 43377
13 941.241000 126.857000 38265
14 939.642000 124.290000 33833
15 941.344000 122.096000 29763
16 939.655000 120.016000 26482
17 939.874000 118.304000 23285
18 940.752000 116.908000 20256
19 939.061000 115.458000 18093
20 939.380000 114.250000 15985
21 3610.818000 113.242000 14005
22 1301.073000 113.670000 11362
23 1136.466000 113.963000 9106
24 1138.660000 114.195000 7293
25 1139.259000 114.402000 5885
26 1357.477000 114.354000 4509
27 1139.131000 114.545000 3763
28 1140.451000 114.781000 3294
29 1136.348000 114.916000 2740
30 964.414000 115.042000 2307
31 943.249000 114.262000 2430
32 941.518000 113.555000 2530
33 939.608000 112.634000 2681
34 940.051000 111.866000 2790
35 949.818000 111.189000 2871
36 939.432000 110.531000 2946
37 939.024000 109.969000 2994
38 939.869000 109.535000 3009
39 940.189000 109.155000 3010
40 940.661000 108.921000 2725
41 939.056000 108.561000 2730
42 940.030000 108.297000 2575
43 940.304000 108.091000 2342
44 939.194000 107.857000 2225
45 942.991000 107.537000 2235
46 939.683000 107.348000 2054
47 940.299000 107.222000 1793
48 1143.888000 107.008000 1774
49 940.362000 106.876000 1593
50 939.665000 106.829000 1289
51 940.319000 106.770000 1085
52 939.957000 106.675000 1003
53 938.761000 106.517000 1011
54 938.989000 106.476000 839
55 940.024000 106.482000 642
56 940.195000 106.490000 497
57 939.126000 106.390000 506
58 2955.151000 106.245000 527
59 1491.353000 107.850000 3605
60 1477.285000 108.914000 4831
61 1495.434000 109.910000 5616
62 1492.005000 110.774000 5940
63 1495.177000 111.427000 5760
64 1045.071000 112.018000 5502
65 943.236000 111.366000 5431
66 942.069000 110.844000 5117
67 942.729000 110.345000 4836
68 944.183000 110.060000 4196
69 940.785000 109.589000 4091
70 939.978000 109.196000 3853
71 941.176000 108.778000 3726
72 940.117000 108.577000 3196
73 941.311000 108.287000 2978
74 941.068000 108.187000 2432
75 939.031000 107.810000 2450
76 939.907000 107.629000 2200
77 940.384000 107.536000 1836
78 939.439000 107.308000 1833
79 939.985000 107.136000 1718
80 940.112000 106.973000 1614
81 939.661000 106.793000 1570
82 940.577000 106.721000 1322
83 939.803000 106.620000 1194
84 1245.028000 106.495000 1144
85 939.808000 106.532000 932
86 939.397000 106.402000 935
87 939.876000 106.417000 730
88 940.376000 106.416000 548
89 940.063000 106.441000 461
90 940.327000 106.523000 509
91 940.048000 106.486000 456
92 939.565000 106.443000 427
93 939.760000 106.397000 413
94 940.133000 106.351000 402
95 939.972000 106.360000 319
96 939.994000 106.406000 331
97 1245.185000 106.442000 320
98 939.660000 106.392000 322
99 939.911000 106.294000 336
100 2857.147000 106.237000 340
101 4869.429000 116.369000 20520
102 1627.677000 117.082000 16815
103 1277.883000 116.034000 14706
104 944.158000 115.166000 12766
105 940.526000 114.055000 11797
106 940.876000 113.182000 10593
107 940.050000 112.329000 9651
108 938.749000 111.533000 8831
109 940.835000 110.834000 8021
110 939.206000 110.159000 7365
111 939.701000 109.680000 6481
112 940.236000 109.323000 5575
113 939.644000 109.011000 4806
114 939.413000 108.648000 4330
115 939.738000 108.298000 3949
116 939.416000 108.080000 3397
117 939.751000 107.922000 2864
118 939.939000 107.648000 2696
119 939.893000 107.551000 2215
120 1244.897000 107.424000 1917
121 940.336000 107.301000 1683
122 2212.704000 107.147000 1569
123 1817.332000 117.146000 21176
124 1224.517000 117.033000 16109
125 941.560000 115.888000 14372
126 942.179000 114.961000 12632
127 943.243000 114.043000 11310
128 944.012000 113.434000 9701
129 942.521000 112.732000 8679
130 1254.076000 112.127000 7720
131 944.067000 111.770000 6504
132 941.803000 111.275000 5868
133 943.119000 110.843000 5264
134 942.001000 110.470000 4695
135 943.398000 110.139000 4183
136 939.370000 109.603000 4186
137 940.185000 109.143000 4060
138 939.535000 108.785000 3761
139 939.910000 108.505000 3381
140 940.102000 108.213000 3119
141 939.828000 107.953000 2860
142 940.507000 107.819000 2413
143 939.951000 107.653000 2141
144 940.239000 107.568000 1776
145 939.514000 107.436000 1595
146 939.398000 107.265000 1538
147 939.452000 107.067000 1540
148 941.341000 106.979000 1330
149 939.356000 106.770000 1341
150 939.963000 106.697000 1153
151 939.979000 106.674000 910
152 939.853000 106.550000 912
153 1743.802000 106.331000 938
154 969.641000 110.096000 8233
155 939.536000 109.563000 7241
156 941.260000 109.204000 6148
157 938.677000 108.694000 5631
158 1143.296000 108.378000 4856
159 939.355000 108.103000 4191
160 940.481000 107.917000 3515
161 940.479000 107.690000 3091
162 939.450000 107.452000 2794
163 940.261000 107.370000 2259
164 940.704000 107.253000 1929
165 939.820000 107.205000 1542
166 939.762000 107.059000 1448
167 939.301000 106.914000 1377
168 940.988000 106.795000 1270
169 939.800000 106.719000 1105
170 939.810000 106.715000 836
171 941.324000 106.702000 654
172 1143.989000 106.696000 502
173 939.762000 106.630000 503
174 940.092000 106.559000 505
175 939.316000 106.460000 514
176 940.605000 106.525000 515
177 940.174000 106.548000 433
178 940.273000 106.561000 351
179 940.298000 106.523000 339
180 940.626000 106.474000 341
181 940.306000 106.464000 275
182 940.697000 106.482000 242
183 939.269000 106.339000 270
184 939.657000 106.255000 282
185 939.601000 106.191000 290
186 940.211000 106.276000 388
187 939.250000 106.240000 363
188 940.082000 106.191000 364
189 939.594000 106.149000 356
190 939.751000 106.168000 304
191 939.158000 106.187000 267
192 940.241000 106.176000 223
193 1034.980000 106.197000 210
194 4758.658000 116.299000 20360
195 1360.637000 116.510000 15692
196 953.377000 115.661000 13467
197 952.947000 114.762000 11899
198 962.513000 114.126000 10195
199 963.044000 113.582000 8735
200 956.781000 113.094000 7527
[FINAL]:
Client Throughput=0.932740 Byte/s
AverageUPL=1077.010000
    AverageRTT=109.278000
    tcpi_retransmits=0
    tcpi_rto=316000
    tcpi_lost=0
    tcpi_retrans=0
    tcpi_snd_cwnd=18
    tcpi_snd_ssthresh=2147483647
    tcpi_total_retrans=0
cca=BBR, bf1=86, bf2=86, c2s=1 bytes, s2c=1000000 bytes, d1=1msms, d2=50msms, bw1=100Mbps, bw2=10Mbps
1 1306.034000 215.259000 115407
2 943.232000 201.781000 113512
3 942.875000 189.942000 108811
4 941.577000 179.451000 102590
5 939.845000 170.218000 95408
6 940.135000 162.241000 87510
7 939.919000 155.245000 79625
8 940.348000 149.091000 72027
9 940.805000 143.731000 64740
10 940.154000 139.005000 58007
11 940.362000 134.993000 51530
12 939.764000 131.331000 45971
13 939.613000 128.214000 40713
14 940.354000 125.570000 35822
15 939.703000 123.116000 31775
16 939.579000 121.060000 27942
17 940.279000 119.170000 24737
18 939.590000 117.569000 21756
19 939.319000 116.032000 19390
20 1244.221000 114.822000 16962
21 939.324000 113.712000 14943
22 939.069000 112.784000 13063
23 938.876000 111.877000 11610
24 939.500000 111.066000 10330
25 939.725000 110.459000 8961
26 939.908000 109.917000 7805
27 940.198000 109.482000 6725
28 940.246000 109.068000 5871
29 939.955000 108.666000 5207
30 939.465000 108.279000 4679
31 939.063000 107.894000 4280
32 939.641000 107.653000 3691
33 1822.352000 107.350000 3376
34 3629.108000 117.306000 22446
35 1494.903000 117.212000 17023
36 1297.379000 117.156000 12879
37 943.571000 115.826000 12320
38 940.966000 114.636000 11619
39 1249.590000 113.706000 10574
40 940.530000 112.773000 9798
41 940.175000 111.900000 9094
42 940.699000 111.301000 8019
43 939.162000 110.594000 7428
44 939.361000 110.070000 6619
45 939.558000 109.512000 6080
46 941.488000 109.106000 5372
47 939.698000 108.639000 4963
48 940.104000 108.372000 4255
49 939.337000 108.074000 3787
50 939.575000 107.839000 3311
51 939.270000 107.507000 3148
52 940.328000 107.407000 2562
53 939.848000 107.259000 2216
54 4750.561000 107.135000 1909
55 5696.141000 117.187000 21535
56 5999.223000 125.943000 33664
57 4233.736000 133.611000 40584
58 1052.072000 130.631000 36399
59 941.050000 127.659000 33243
60 941.835000 125.098000 30054
61 966.810000 122.627000 27482
62 941.490000 120.672000 24521
63 939.500000 118.887000 21961
64 940.060000 117.328000 19591
65 940.627000 115.944000 17460
66 940.190000 114.850000 15282
67 939.438000 113.680000 13802
68 940.071000 112.746000 12221
69 939.307000 111.956000 10745
70 940.268000 111.254000 9462
71 939.985000 110.629000 8347
72 939.555000 110.125000 7269
73 939.678000 109.679000 6343
74 939.517000 109.239000 5638
75 940.282000 108.852000 5001
76 1144.047000 108.557000 4341
77 939.492000 108.307000 3756
78 940.120000 108.058000 3315
79 941.314000 107.758000 3087
80 939.973000 107.524000 2783
81 939.606000 107.344000 2446
82 939.712000 107.187000 2150
83 940.393000 107.119000 1747
84 939.655000 106.896000 1748
85 939.716000 106.741000 1620
86 939.499000 106.689000 1319
87 939.412000 106.586000 1197
88 939.900000 106.540000 989
89 940.020000 106.487000 847
90 941.560000 106.417000 775
91 940.382000 106.508000 763
92 941.668000 106.606000 768
93 939.318000 106.588000 613
94 939.446000 106.510000 613
95 939.460000 106.507000 467
96 939.236000 106.425000 472
97 939.502000 106.445000 394
98 940.085000 106.565000 536
99 939.754000 106.489000 538
100 940.280000 106.462000 458
101 939.962000 106.409000 450
102 938.974000 106.315000 459
103 940.230000 106.368000 452
104 940.509000 106.339000 396
105 940.089000 106.334000 309
106 4688.630000 108.687000 4938
107 5870.408000 118.490000 23311
108 5732.781000 126.990000 34483
109 5966.669000 134.487000 40855
110 6079.625000 141.071000 43810
111 5686.076000 146.856000 44426
112 5698.763000 151.854000 43316
113 4468.615000 156.233000 41246
114 1514.779000 151.278000 40844
115 1491.030000 146.961000 39268
116 1495.236000 143.193000 36987
117 1474.773000 139.887000 34352
118 1008.270000 135.684000 34171
119 942.984000 132.415000 32164
120 941.458000 129.349000 30256
121 943.355000 126.720000 27951
122 943.432000 124.599000 25205
123 941.862000 122.724000 22653
124 940.062000 120.714000 21011
125 938.957000 118.815000 19556
126 940.102000 117.250000 17796
127 940.711000 115.825000 16197
128 940.541000 114.595000 14607
129 939.758000 113.443000 13260
130 939.055000 112.463000 11905
131 939.289000 111.603000 10648
132 938.724000 110.793000 9607
133 939.236000 110.104000 8583
134 939.961000 109.601000 7444
135 1439.708000 109.145000 6494
136 3856.450000 120.840000 28260
137 1249.360000 119.954000 22967
138 1015.436000 119.189000 18755
139 942.679000 117.830000 16785
140 940.342000 116.466000 15316
141 940.544000 115.235000 13949
142 939.954000 114.083000 12766
143 940.278000 113.049000 11643
144 940.121000 112.200000 10429
145 938.789000 111.350000 9523
146 940.152000 110.736000 8370
147 939.489000 110.083000 7582
148 940.633000 109.588000 6677
149 940.159000 109.241000 5703
150 940.013000 108.860000 5038
151 939.518000 108.518000 4463
152 940.205000 108.194000 3995
153 938.727000 107.823000 3740
154 939.502000 107.653000 3144
155 939.214000 107.474000 2716
156 940.002000 107.316000 2353
157 2788.585000 107.154000 2088
158 1210.196000 108.328000 3913
159 977.295000 108.455000 3188
160 1298.890000 108.582000 2645
161 973.629000 108.724000 2269
162 973.471000 108.826000 1904
163 953.046000 109.169000 2115
164 940.440000 108.810000 2138
165 939.579000 108.418000 2169
166 940.191000 108.134000 2172
167 940.065000 107.973000 1952
168 940.346000 107.806000 1797
169 939.994000 107.634000 1692
170 939.364000 107.496000 1544
171 939.614000 107.316000 1518
172 939.928000 107.211000 1349
173 939.451000 107.001000 1359
174 939.624000 106.905000 1211
175 942.984000 106.790000 1138
176 939.392000 106.551000 1162
177 941.058000 106.594000 957
178 939.438000 106.587000 732
179 941.674000 106.426000 749
180 939.409000 106.252000 769
181 940.275000 106.291000 654
182 939.319000 106.263000 546
183 938.602000 106.186000 548
184 939.608000 106.217000 474
185 939.668000 106.242000 405
186 939.391000 106.221000 346
187 939.646000 106.167000 348
188 940.153000 106.163000 270
189 939.143000 106.111000 274
190 1197.593000 106.201000 386
191 2832.384000 116.232000 20351
192 1158.673000 115.179000 17368
193 943.667000 114.147000 15089
194 945.836000 113.112000 13387
195 941.288000 112.188000 11890
196 939.303000 111.346000 10600
197 939.709000 110.670000 9302
198 942.514000 110.398000 7522
199 939.733000 109.890000 6657
200 939.952000 109.310000 6152
[FINAL]:
Client Throughput=0.773632 Byte/s
AverageUPL=1417.403000
    AverageRTT=114.569000
    tcpi_retransmits=0
    tcpi_rto=312000
    tcpi_lost=0
    tcpi_retrans=0
    tcpi_snd_cwnd=18
    tcpi_snd_ssthresh=2147483647
    tcpi_total_retrans=0
cca=BBR, bf1=173, bf2=173, c2s=1 bytes, s2c=1000000 bytes, d1=1msms, d2=50msms, bw1=100Mbps, bw2=10Mbps
1 1213.848000 216.917000 116617
2 940.196000 203.063000 115171
3 941.506000 191.033000 110439
4 941.056000 180.444000 104006
5 939.710000 171.194000 96504
6 939.604000 162.957000 88852
7 940.226000 155.895000 80764
8 938.535000 149.570000 73223
9 939.457000 144.025000 66008
10 940.321000 139.336000 58882
11 940.555000 135.272000 52290
12 939.830000 131.632000 46499
13 940.195000 128.424000 41289
14 940.255000 125.635000 36546
15 940.199000 123.346000 31987
16 939.730000 121.189000 28303
17 939.887000 119.342000 24921
18 940.136000 117.804000 21767
19 939.332000 116.382000 19171
20 940.411000 115.146000 16849
21 940.404000 114.037000 14855
22 1249.053000 113.144000 12928
23 939.963000 112.359000 11265
24 940.013000 111.585000 9997
25 939.641000 110.971000 8726
26 940.061000 110.275000 7936
27 3639.745000 109.835000 6832
28 6170.238000 119.469000 24391
29 5673.103000 127.908000 35171
30 5873.054000 135.334000 41231
31 2856.291000 141.840000 43936
32 1054.227000 138.694000 39243
33 942.773000 134.846000 37130
34 942.591000 131.359000 34821
35 942.206000 128.563000 31708
36 940.511000 125.836000 29235
37 943.645000 123.533000 26533
38 941.025000 121.499000 23966
39 939.399000 119.640000 21693
40 939.469000 117.922000 19706
41 938.908000 116.444000 17735
42 978.787000 115.202000 15786
43 939.603000 114.040000 14163
44 940.672000 113.128000 12445
45 939.847000 112.173000 11245
46 938.937000 111.406000 9969
47 966.605000 110.717000 8853
48 940.092000 110.205000 7665
49 940.498000 109.779000 6599
50 940.425000 109.284000 5940
51 939.438000 108.901000 5222
52 939.605000 108.610000 4498
53 939.346000 108.144000 4305
54 939.379000 107.852000 3812
55 939.784000 107.636000 3292
56 940.079000 107.505000 2731
57 939.566000 107.245000 2569
58 940.004000 107.068000 2279
59 940.561000 107.054000 1738
60 940.426000 106.948000 1515
61 938.928000 106.777000 1478
62 939.051000 106.691000 1281
63 940.237000 106.527000 1282
64 1144.781000 106.538000 984
65 940.082000 106.516000 782
66 939.495000 106.397000 787
67 940.115000 106.413000 622
68 939.600000 106.395000 501
69 941.884000 106.446000 477
70 940.053000 106.369000 482
71 939.804000 106.288000 487
72 939.728000 106.250000 441
73 938.927000 106.165000 448
74 3105.196000 106.132000 402
75 1088.490000 107.453000 2942
76 974.946000 107.623000 2548
77 971.441000 107.774000 2212
78 946.721000 107.903000 1918
79 941.013000 107.870000 1506
80 941.165000 107.768000 1332
81 941.978000 107.768000 1000
82 942.099000 107.640000 1000
83 940.220000 107.462000 1014
84 939.917000 107.370000 943
85 940.060000 107.205000 955
86 939.230000 107.076000 957
87 939.732000 106.997000 875
88 940.579000 106.969000 714
89 940.524000 106.894000 685
90 943.530000 106.854000 593
91 939.958000 106.788000 578
92 940.496000 106.804000 465
93 940.164000 106.734000 468
94 940.214000 106.687000 446
95 940.944000 106.764000 489
96 940.245000 106.650000 502
97 939.977000 106.513000 521
98 939.673000 106.425000 526
99 940.091000 106.512000 567
100 939.582000 106.507000 434
101 938.982000 106.440000 437
102 940.388000 106.412000 383
103 939.571000 106.339000 389
104 2106.691000 106.298000 372
105 2066.707000 116.414000 20510
106 961.158000 115.571000 17068
107 942.005000 114.590000 14763
108 940.418000 113.649000 12954
109 940.435000 112.749000 11516
110 939.942000 111.918000 10298
111 939.456000 111.138000 9285
112 938.845000 110.503000 8233
113 939.363000 109.939000 7303
114 939.208000 109.385000 6585
115 940.014000 109.019000 5671
116 939.082000 108.655000 4981
117 939.550000 108.310000 4427
118 939.144000 107.989000 3962
119 940.355000 107.773000 3403
120 939.814000 107.491000 3116
121 1244.773000 107.316000 2687
122 939.778000 107.201000 2246
123 4592.742000 107.101000 1884
124 3571.587000 117.082000 21374
125 1395.732000 117.031000 16132
126 1281.119000 116.094000 13973
127 956.690000 115.203000 12262
128 953.819000 114.300000 11002
129 947.715000 113.526000 9798
130 939.513000 112.604000 9194
131 941.792000 111.930000 8244
132 939.904000 111.243000 7557
133 941.019000 110.630000 6894
134 939.435000 109.985000 6460
135 940.274000 109.539000 5737
136 939.159000 109.057000 5265
137 938.899000 108.673000 4718
138 939.700000 108.427000 4031
139 939.552000 108.146000 3584
140 939.886000 107.927000 3127
141 940.032000 107.684000 2831
142 939.635000 107.437000 2616
143 939.283000 107.302000 2232
144 940.266000 107.161000 1957
145 3464.070000 106.897000 1962
146 1458.296000 108.217000 4111
147 983.980000 108.131000 3254
148 1255.829000 108.162000 2501
149 1319.433000 109.227000 4008
150 940.470000 108.817000 3827
151 940.020000 108.460000 3584
152 939.492000 108.120000 3368
153 939.902000 107.923000 2919
154 938.845000 107.654000 2727
155 939.840000 107.409000 2537
156 960.289000 107.261000 2198
157 941.905000 107.089000 1993
158 940.285000 106.941000 1790
159 938.920000 106.807000 1611
160 940.083000 106.669000 1483
161 940.242000 106.609000 1234
162 940.271000 106.590000 963
163 940.424000 106.593000 729
164 939.110000 106.504000 724
165 940.528000 106.481000 590
166 939.272000 106.388000 594
167 939.823000 106.449000 569
168 940.128000 106.340000 578
169 940.108000 106.341000 437
170 939.829000 106.344000 333
171 939.339000 106.169000 366
172 940.566000 106.224000 386
173 1785.246000 106.131000 397
174 939.722000 106.097000 366
175 940.329000 106.157000 396
176 940.233000 106.162000 307
177 940.971000 106.245000 396
178 939.730000 106.245000 298
179 940.715000 106.280000 295
180 939.630000 106.267000 248
181 940.042000 106.284000 219
182 940.342000 106.374000 345
183 1142.976000 106.459000 429
184 939.845000 106.492000 387
185 940.430000 106.526000 359
186 939.864000 106.465000 363
187 939.831000 106.431000 340
188 940.238000 106.480000 352
189 939.759000 106.457000 309
190 940.745000 106.519000 355
191 939.874000 106.482000 341
192 939.882000 106.461000 298
193 939.717000 106.364000 313
194 939.686000 106.344000 273
195 940.010000 106.328000 239
196 1246.299000 106.268000 246
197 939.992000 106.196000 256
198 939.641000 106.099000 272
199 3166.506000 106.114000 235
200 5559.555000 111.588000 11125
[FINAL]:
Client Throughput=0.859591 Byte/s
AverageUPL=1157.365000
    AverageRTT=108.363000
    tcpi_retransmits=0
    tcpi_rto=312000
    tcpi_lost=0
    tcpi_retrans=0
    tcpi_snd_cwnd=18
    tcpi_snd_ssthresh=2147483647
    tcpi_total_retrans=0
cca=BBR, bf1=346, bf2=346, c2s=1 bytes, s2c=1000000 bytes, d1=1msms, d2=50msms, bw1=100Mbps, bw2=10Mbps
1 5772.899000 315.778000 163968
2 5693.831000 299.707000 155118
3 5701.663000 285.656000 144441
4 6011.995000 273.365000 132912
5 5670.093000 262.565000 121284
6 5691.443000 253.145000 109803
7 6003.035000 244.878000 98886
8 3495.722000 237.628000 88665
9 1197.442000 222.280000 89731
10 946.162000 207.954000 90509
11 943.007000 195.507000 90792
12 940.030000 184.394000 90320
13 938.844000 174.527000 87475
14 940.289000 166.029000 82602
15 940.075000 158.601000 76808
16 942.858000 152.018000 70771
17 939.909000 146.263000 64588
18 940.709000 141.200000 58568
19 939.999000 136.872000 52581
20 940.360000 133.101000 46978
21 938.947000 129.618000 42200
22 939.574000 126.702000 37481
23 1245.651000 124.191000 33133
24 940.660000 121.986000 29260
25 939.399000 119.884000 26150
26 940.100000 118.190000 23000
27 940.686000 116.801000 20029
28 939.752000 115.545000 17532
29 940.285000 114.439000 15362
30 940.323000 113.494000 13412
31 941.318000 112.741000 11565
32 941.933000 112.026000 10103
33 940.027000 111.358000 8912
34 940.111000 110.673000 8055
35 939.748000 110.161000 7066
36 940.198000 109.747000 6126
37 2372.819000 109.339000 5412
38 5937.584000 119.058000 23498
39 5686.065000 127.568000 34644
40 5856.386000 134.990000 40826
41 5689.719000 141.451000 43542
42 4983.982000 147.156000 44066
43 1261.502000 143.374000 40614
44 959.348000 139.261000 38685
45 940.571000 135.204000 37129
46 941.214000 131.766000 34722
47 941.151000 128.705000 32164
48 940.629000 125.976000 29582
49 939.710000 123.515000 27107
50 940.012000 121.433000 24494
51 940.119000 119.548000 22140
52 939.388000 117.922000 19859
53 940.088000 116.472000 17794
54 940.845000 115.295000 15700
55 938.891000 114.075000 14214
56 939.380000 113.102000 12606
57 940.004000 112.265000 11129
58 940.332000 111.572000 9733
59 939.647000 110.955000 8534
60 940.568000 110.448000 7415
61 941.214000 110.016000 6424
62 1018.634000 109.666000 5518
63 2953.660000 119.346000 23499
64 1032.803000 117.808000 20700
65 942.308000 116.258000 18625
66 939.928000 114.962000 16562
67 939.240000 113.778000 14788
68 939.615000 112.756000 13136
69 940.640000 111.953000 11458
70 939.574000 111.188000 10124
71 939.584000 110.614000 8740
72 939.817000 110.080000 7622
73 939.848000 109.573000 6732
74 940.143000 109.143000 5908
75 939.174000 108.606000 5506
76 940.008000 108.329000 4684
77 940.070000 108.105000 3960
78 940.330000 107.825000 3531
79 939.476000 107.637000 3023
80 940.027000 107.410000 2722
81 1297.581000 107.218000 2425
82 4250.191000 117.211000 21805
83 1138.967000 116.593000 17589
84 1039.616000 116.413000 13552
85 1038.865000 116.225000 10539
86 1342.564000 116.077000 8200
87 942.381000 115.234000 7837
88 938.880000 114.086000 7879
89 940.459000 113.186000 7708
90 939.280000 112.153000 7725
91 938.885000 111.301000 7498
92 940.223000 110.684000 6858
93 940.233000 110.147000 6217
94 939.285000 109.609000 5740
95 939.289000 109.088000 5346
96 939.394000 108.642000 4902
97 939.263000 108.233000 4494
98 938.295000 107.881000 4074
99 939.252000 107.653000 3512
100 939.255000 107.379000 3181
101 938.793000 107.143000 2859
102 939.350000 106.935000 2559
103 938.815000 106.815000 2160
104 939.750000 106.649000 1953
105 939.298000 106.561000 1640
106 939.733000 106.487000 1379
107 1241.860000 106.420000 1168
108 938.794000 106.359000 996
109 939.223000 106.248000 970
110 938.816000 106.215000 794
111 939.270000 106.123000 780
112 939.271000 106.045000 739
113 938.834000 105.982000 681
114 939.139000 105.905000 666
115 939.358000 105.855000 598
116 1787.664000 105.868000 472
117 939.409000 105.825000 440
118 939.717000 105.846000 371
119 1245.386000 105.893000 374
120 939.690000 105.858000 350
121 940.295000 105.937000 421
122 939.847000 106.081000 603
123 939.514000 106.077000 461
124 939.624000 106.066000 367
125 941.006000 106.159000 459
126 940.246000 106.234000 496
127 939.701000 106.203000 434
128 1766.329000 106.257000 434
129 2211.070000 116.373000 20557
130 1495.412000 116.435000 15541
131 1720.185000 116.645000 12077
132 1494.844000 116.653000 9074
133 1499.792000 116.664000 6826
134 1496.123000 116.735000 5262
135 1495.156000 116.734000 3949
136 1495.682000 116.741000 2974
137 4411.049000 119.255000 7259
138 1530.342000 118.942000 6068
139 1491.590000 118.673000 5090
140 1494.995000 118.411000 4342
141 1046.636000 118.217000 3645
142 942.376000 116.672000 3917
143 941.327000 115.309000 4135
144 942.995000 114.247000 4271
145 944.036000 113.190000 4402
146 941.358000 112.293000 4489
147 943.160000 111.695000 4498
148 940.996000 111.176000 4410
149 940.108000 110.529000 4434
150 939.341000 109.910000 4450
151 939.995000 109.458000 4242
152 938.996000 109.006000 4084
153 939.931000 108.674000 3728
154 940.475000 108.408000 3327
155 939.832000 108.161000 2989
156 940.508000 107.926000 2714
157 939.479000 107.687000 2511
158 939.501000 107.403000 2452
159 943.698000 107.153000 2339
160 939.728000 107.033000 1994
161 940.382000 106.896000 1770
162 939.869000 106.864000 1391
163 940.182000 106.827000 1118
164 940.170000 106.798000 897
165 940.580000 106.842000 760
166 939.359000 106.731000 764
167 3042.479000 106.720000 595
168 2211.649000 116.776000 20558
169 1491.413000 116.781000 15427
170 1305.265000 116.761000 11610
171 943.794000 115.361000 11508
172 942.192000 114.344000 10665
173 941.705000 113.496000 9693
174 940.735000 112.856000 8550
175 940.107000 112.049000 8027
176 939.549000 111.227000 7664
177 939.645000 110.584000 7035
178 940.108000 110.085000 6275
179 940.192000 109.577000 5721
180 939.653000 109.075000 5296
181 939.698000 108.766000 4589
182 940.129000 108.491000 3992
183 940.390000 108.281000 3414
184 939.619000 107.982000 3159
185 939.941000 107.684000 2963
186 940.452000 107.551000 2489
187 939.174000 107.337000 2294
188 940.285000 107.274000 1847
189 940.100000 107.132000 1670
190 939.389000 106.933000 1651
191 939.106000 106.766000 1572
192 939.543000 106.630000 1450
193 1316.215000 106.451000 1447
194 5907.734000 116.498000 21180
195 6100.692000 125.310000 33509
196 5686.075000 133.033000 40577
197 5953.084000 139.755000 43878
198 5548.350000 145.655000 44707
199 1698.556000 141.077000 42687
200 1488.018000 138.056000 38056
[FINAL]:
Client Throughput=0.665669 Byte/s
AverageUPL=1374.250000
    AverageRTT=111.497000
    tcpi_retransmits=0
    tcpi_rto=340000
    tcpi_lost=0
    tcpi_retrans=0
    tcpi_snd_cwnd=18
    tcpi_snd_ssthresh=2147483647
    tcpi_total_retrans=0
cca=CUBIC, bf1=21, bf2=21, c2s=1 bytes, s2c=1000000 bytes, d1=1msms, d2=50msms, bw1=100Mbps, bw2=10Mbps
1 2414.373000 238.532000 129262
2 2205.753000 222.455000 129100
3 2183.291000 208.108000 125519
4 2183.919000 195.541000 119273
5 2086.404000 184.566000 111405
6 1961.944000 174.906000 102875
7 2082.635000 166.563000 93842
8 2073.711000 159.215000 85077
9 2064.775000 152.613000 77012
10 2060.175000 146.941000 69103
11 2060.732000 142.168000 61374
12 2056.771000 137.885000 54595
13 2064.051000 133.966000 48785
14 2059.077000 130.625000 43270
15 2086.543000 127.633000 38436
16 2053.729000 125.066000 33962
17 2057.841000 122.791000 30022
18 2059.696000 120.700000 26698
19 2379.001000 119.031000 23361
20 3533.951000 127.524000 34506
21 2186.146000 125.788000 29350
22 2083.929000 123.491000 26607
23 2082.627000 121.614000 23708
24 2079.809000 119.955000 21100
25 2084.374000 118.355000 19026
26 2082.324000 117.117000 16746
27 2077.032000 115.921000 14950
28 2082.105000 114.949000 13158
29 2079.499000 114.066000 11634
30 2076.768000 113.258000 10341
31 2080.476000 112.638000 8996
32 2079.981000 112.030000 7963
33 2079.779000 111.416000 7199
34 2078.921000 111.097000 6039
35 2728.607000 110.752000 5219
36 5323.440000 120.215000 22840
37 5326.655000 128.566000 33833
38 5357.890000 135.870000 39983
39 5299.579000 142.272000 42791
40 5320.642000 145.997000 39543
41 5173.661000 151.124000 39912
42 5403.408000 155.649000 38983
43 1990.985000 158.006000 33951
44 2087.511000 151.842000 34431
45 1898.891000 146.506000 34688
46 2060.579000 141.571000 34838
47 1963.503000 137.175000 34848
48 2036.358000 133.243000 34001
49 2049.098000 129.945000 32097
50 2039.075000 127.054000 29853
51 2043.479000 124.567000 27364
52 2882.668000 122.404000 24850
53 5336.637000 130.512000 34855
54 5342.353000 137.597000 40311
55 5373.368000 143.775000 42589
56 3596.837000 149.197000 42787
57 2122.128000 145.459000 39566
58 2132.707000 142.393000 35806
59 2200.520000 139.196000 33250
60 2119.505000 135.414000 32501
61 2280.002000 131.946000 31311
62 1966.263000 129.014000 29347
63 1968.439000 126.425000 27189
64 2175.873000 124.104000 25033
65 2144.599000 122.022000 22940
66 2126.664000 120.121000 21007
67 2132.065000 118.392000 19212
68 2128.718000 116.934000 17325
69 2125.816000 115.636000 15592
70 2128.530000 114.415000 14135
71 2138.704000 113.445000 12540
72 2142.228000 112.739000 10818
73 2144.596000 112.037000 9517
74 2133.513000 111.380000 8452
75 2133.298000 110.799000 7501
76 2132.113000 110.331000 6563
77 2130.746000 109.887000 5809
78 2130.449000 109.620000 4890
79 2137.067000 109.349000 4210
80 2136.008000 109.206000 3443
81 2134.126000 108.927000 3141
82 2135.078000 108.658000 2894
83 2132.695000 108.415000 2656
84 2130.882000 108.123000 2576
85 2124.493000 107.980000 2219
86 2131.313000 107.863000 1898
87 5120.307000 107.799000 1552
88 5154.629000 117.643000 20851
89 5389.423000 126.349000 33051
90 5367.482000 134.029000 40148
91 5179.672000 140.621000 43295
92 5373.666000 146.448000 44126
93 4108.303000 151.648000 43494
94 1822.299000 147.541000 40834
95 1996.961000 143.271000 39166
96 2132.195000 139.678000 36560
97 2030.221000 136.641000 33493
98 2215.430000 133.144000 32114
99 1999.864000 130.209000 29956
100 1872.795000 127.602000 27682
101 1976.187000 125.085000 25794
102 2167.306000 122.826000 23864
103 1955.779000 120.776000 21999
104 1837.422000 118.997000 20057
105 1969.510000 117.498000 18040
106 2178.803000 116.167000 16192
107 1974.985000 115.128000 14222
108 1851.724000 114.279000 12366
109 1978.041000 113.305000 11222
110 2182.427000 112.471000 10084
111 1832.737000 111.715000 9075
112 1909.109000 111.054000 8127
113 2078.525000 110.366000 7472
114 2058.747000 109.827000 6682
115 2235.113000 109.384000 5897
116 1938.651000 109.153000 4885
117 2184.591000 108.820000 4330
118 2072.366000 108.545000 3798
119 2051.789000 108.299000 3340
120 2048.122000 108.133000 2838
121 2047.575000 107.871000 2652
122 2054.685000 107.777000 2177
123 2056.769000 107.667000 1853
124 2060.358000 107.557000 1609
125 2056.174000 107.457000 1408
126 2060.362000 107.434000 1101
127 2060.428000 107.403000 888
128 2058.583000 107.327000 818
129 2053.570000 107.344000 648
130 2057.300000 107.302000 572
131 2055.775000 107.158000 590
132 1922.722000 107.076000 591
133 1957.612000 107.084000 459
134 1974.601000 107.104000 384
135 2169.629000 107.007000 396
136 1822.249000 106.930000 403
137 1910.328000 106.835000 413
138 2069.712000 106.765000 418
139 2057.024000 106.791000 366
140 4639.763000 106.861000 416
141 4981.751000 116.905000 20399
142 5420.398000 125.704000 32898
143 2627.010000 133.435000 40135
144 1912.287000 130.622000 35726
145 2026.615000 128.064000 31912
146 2081.585000 125.722000 28618
147 2083.927000 123.600000 25708
148 2068.945000 121.626000 23228
149 2055.908000 119.751000 21170
150 2064.152000 118.074000 19233
151 2056.315000 116.686000 17201
152 2058.816000 115.499000 15274
153 2058.019000 114.472000 13511
154 2052.481000 113.588000 11901
155 2056.833000 112.689000 10722
156 2057.976000 111.865000 9691
157 2054.843000 111.184000 8629
158 2054.764000 110.565000 7710
159 2060.656000 110.155000 6603
160 2058.409000 109.790000 5682
161 2054.324000 109.282000 5278
162 2053.855000 108.989000 4545
163 2057.970000 108.650000 4085
164 2061.837000 108.326000 3712
165 2060.989000 108.161000 3115
166 2052.323000 108.038000 2582
167 2059.448000 107.958000 2096
168 2059.820000 107.857000 1775
169 2055.078000 107.737000 1571
170 2066.558000 107.662000 1327
171 2056.531000 107.518000 1283
172 2057.979000 107.419000 1162
173 2058.961000 107.315000 1078
174 2056.504000 107.229000 980
175 2055.937000 107.140000 914
176 2053.335000 107.003000 920
177 2056.687000 106.920000 856
178 2055.826000 106.834000 813
179 2057.303000 106.770000 739
180 2056.706000 106.806000 627
181 2065.571000 106.751000 580
182 2059.887000 106.757000 448
183 2056.838000 106.681000 453
184 2053.543000 106.661000 379
185 2053.339000 106.646000 315
186 2055.016000 106.649000 243
187 2061.531000 106.683000 251
188 2061.862000 106.795000 413
189 2057.430000 106.814000 347
190 2055.743000 106.765000 348
191 2054.930000 106.751000 288
192 2051.891000 106.703000 291
193 2060.079000 106.661000 293
194 2063.730000 106.645000 251
195 2059.515000 106.678000 254
196 2058.252000 106.673000 201
197 2060.348000 106.694000 195
198 2060.506000 106.687000 162
199 2057.877000 106.689000 126
200 2667.774000 106.648000 132
[FINAL]:
Client Throughput=0.415142 Byte/s
AverageUPL=2144.424000
    AverageRTT=110.742000
    tcpi_retransmits=0
    tcpi_rto=308000
    tcpi_lost=0
    tcpi_retrans=0
    tcpi_snd_cwnd=10
    tcpi_snd_ssthresh=2147483647
    tcpi_total_retrans=0
cca=CUBIC, bf1=43, bf2=43, c2s=1 bytes, s2c=1000000 bytes, d1=1msms, d2=50msms, bw1=100Mbps, bw2=10Mbps
1 1296.102000 219.169000 117639
2 956.288000 205.212000 116141
3 1121.679000 193.064000 111402
4 1038.259000 182.261000 105157
5 1018.535000 172.839000 97712
6 1004.506000 164.569000 89824
7 960.672000 157.150000 82208
8 1139.202000 150.852000 74252
9 1019.068000 145.265000 66862
10 953.829000 140.378000 59920
11 1145.191000 136.075000 53546
12 1017.266000 132.287000 47735
13 951.409000 129.056000 42264
14 1140.881000 126.271000 37269
15 1018.978000 123.767000 32959
16 953.107000 121.538000 29178
17 1142.891000 119.671000 25617
18 1018.048000 117.965000 22624
19 954.527000 116.580000 19738
20 1143.977000 115.303000 17359
21 1020.592000 114.180000 15265
22 950.318000 113.130000 13548
23 1143.848000 112.294000 11832
24 1018.383000 111.615000 10233
25 951.584000 110.956000 8994
26 1142.285000 110.417000 7823
27 1019.931000 109.962000 6777
28 949.792000 109.513000 5980
29 1143.160000 109.204000 5103
30 1018.434000 108.832000 4572
31 979.815000 108.544000 4004
32 1142.935000 108.180000 3731
33 1018.018000 107.931000 3297
34 951.326000 107.685000 2965
35 1142.875000 107.428000 2738
36 1018.202000 107.331000 2247
37 953.142000 107.247000 1853
38 1142.859000 107.176000 1532
39 1016.946000 107.092000 1316
40 951.566000 107.001000 1170
41 1145.760000 106.872000 1136
42 1037.882000 106.822000 952
43 951.922000 106.786000 786
44 1140.437000 106.733000 695
45 1017.524000 106.701000 585
46 2635.089000 106.741000 520
47 1441.319000 108.135000 3177
48 1153.486000 109.200000 4514
49 1248.180000 109.341000 3666
50 1143.331000 109.221000 2988
51 1130.828000 109.017000 2649
52 1082.862000 108.901000 2218
53 1027.846000 108.662000 2143
54 978.520000 108.577000 1778
55 1167.540000 108.412000 1662
56 1033.021000 108.280000 1512
57 975.018000 108.082000 1514
58 1169.731000 107.939000 1422
59 1027.166000 107.862000 1220
60 962.316000 107.671000 1230
61 1155.405000 107.615000 1034
62 1023.876000 107.591000 823
63 962.468000 107.273000 877
64 1154.331000 107.159000 878
65 1025.740000 107.126000 725
66 966.922000 107.089000 617
67 1158.379000 107.055000 532
68 1025.948000 107.089000 468
69 964.474000 106.974000 482
70 1160.495000 106.867000 494
71 1022.003000 106.837000 430
72 965.188000 106.880000 409
73 1156.935000 106.784000 420
74 1022.046000 106.746000 390
75 963.958000 106.742000 300
76 1156.313000 106.750000 240
77 1023.433000 106.653000 257
78 960.868000 106.536000 278
79 1156.285000 106.507000 266
80 1023.418000 106.435000 276
81 961.559000 106.373000 282
82 1158.136000 106.309000 289
83 1022.377000 106.333000 265
84 963.884000 106.266000 274
85 1156.638000 106.213000 278
86 1022.851000 106.135000 289
87 961.599000 106.078000 294
88 1157.784000 106.083000 229
89 1276.512000 106.248000 502
90 3379.208000 114.388000 16657
91 1432.875000 114.676000 13069
92 1432.332000 114.919000 10287
93 1327.275000 115.141000 8159
94 1166.191000 114.573000 7254
95 1132.939000 113.780000 7028
96 1079.699000 112.861000 7037
97 1018.193000 112.115000 6771
98 968.360000 111.518000 6273
99 1153.297000 110.999000 5742
100 1019.668000 110.497000 5310
101 962.354000 109.981000 5016
102 1154.849000 109.516000 4692
103 1024.827000 109.217000 4116
104 964.980000 108.855000 3811
105 1157.900000 108.573000 3422
106 1022.233000 108.333000 3047
107 963.510000 108.133000 2686
108 1156.857000 108.008000 2264
109 1023.855000 107.753000 2207
110 965.442000 107.526000 2111
111 1158.893000 107.392000 1849
112 1023.323000 107.276000 1620
113 963.766000 107.209000 1348
114 1157.620000 107.161000 1107
115 1025.209000 107.084000 986
116 963.092000 107.015000 877
117 1154.869000 106.852000 890
118 1024.474000 106.937000 836
119 963.216000 106.887000 727
120 1158.598000 106.792000 728
121 1023.553000 106.726000 677
122 962.271000 106.722000 517
123 1155.867000 106.743000 431
124 1025.934000 106.745000 326
125 968.282000 106.660000 337
126 1161.160000 106.639000 294
127 1023.156000 106.611000 278
128 962.994000 106.532000 289
129 1157.532000 106.535000 223
130 5043.099000 106.568000 233
131 5333.146000 116.847000 20733
132 4239.577000 125.614000 33084
133 5354.605000 132.967000 39520
134 5342.156000 139.766000 43237
135 2009.996000 145.711000 44317
136 1019.910000 141.000000 42660
137 946.903000 136.803000 40389
138 1142.839000 133.017000 37862
139 1017.195000 129.707000 35018
140 951.572000 126.795000 32086
141 1143.134000 124.295000 29066
142 1018.815000 122.070000 26250
143 952.859000 120.061000 23705
144 1141.089000 118.397000 21105
145 1018.319000 116.836000 18952
146 952.508000 115.486000 16914
147 1146.503000 114.370000 14916
148 1018.895000 113.424000 13081
149 952.792000 112.637000 11385
150 1141.634000 111.851000 10110
151 1014.436000 111.156000 8973
152 955.250000 110.645000 7751
153 1143.239000 110.198000 6707
154 1018.838000 109.808000 5811
155 952.062000 109.399000 5176
156 1140.718000 109.043000 4594
157 1018.950000 108.726000 4079
158 953.424000 108.361000 3789
159 1147.387000 108.196000 3173
160 1015.473000 108.043000 2685
161 951.645000 107.979000 2141
162 1146.201000 107.744000 2077
163 1014.319000 107.568000 1909
164 951.198000 107.423000 1722
165 1143.428000 107.244000 1649
166 1016.143000 107.176000 1374
167 952.404000 107.089000 1203
168 1142.144000 106.901000 1213
169 1017.466000 106.851000 1008
170 952.055000 106.799000 860
171 1141.289000 106.774000 696
172 1018.332000 106.695000 679
173 952.295000 106.679000 542
174 1140.043000 106.635000 494
175 1017.325000 106.698000 496
176 952.856000 106.670000 428
177 1143.736000 106.704000 390
178 1017.299000 106.645000 393
179 952.294000 106.630000 326
180 1142.818000 106.543000 337
181 1016.323000 106.535000 270
182 5231.789000 106.557000 247
183 4988.164000 114.667000 16405
184 4493.271000 123.729000 30428
185 5388.481000 131.646000 38655
186 5309.937000 138.546000 42791
187 5295.279000 142.615000 40231
188 5332.345000 148.132000 41208
189 5440.659000 152.994000 40629
190 5326.809000 157.273000 39030
191 5311.164000 161.036000 36800
192 5485.050000 164.311000 34148
193 4975.139000 167.294000 31578
194 5392.444000 169.740000 28576
195 5373.718000 171.941000 25833
196 5358.106000 173.846000 23185
197 4957.790000 175.392000 20481
198 5357.921000 176.838000 18253
199 5291.966000 178.077000 16167
200 5326.701000 177.243000 13794
[FINAL]:
Client Throughput=0.632652 Byte/s
AverageUPL=2050.962000
    AverageRTT=119.920000
    tcpi_retransmits=0
    tcpi_rto=380000
    tcpi_lost=0
    tcpi_retrans=0
    tcpi_snd_cwnd=10
    tcpi_snd_ssthresh=2147483647
    tcpi_total_retrans=0
cca=CUBIC, bf1=86, bf2=86, c2s=1 bytes, s2c=1000000 bytes, d1=1msms, d2=50msms, bw1=100Mbps, bw2=10Mbps
1 1312.124000 217.913000 116018
2 957.902000 204.089000 114661
3 966.817000 192.157000 109861
4 961.100000 181.900000 102910
5 945.539000 172.912000 95158
6 940.954000 164.756000 87680
7 946.815000 157.557000 80159
8 942.010000 151.343000 72547
9 943.643000 145.748000 65599
10 940.952000 140.821000 59054
11 940.564000 136.564000 52805
12 939.340000 132.650000 47432
13 939.798000 129.380000 42113
14 939.708000 126.529000 37287
15 940.593000 123.924000 33176
16 941.388000 121.772000 29184
17 939.665000 119.832000 25769
18 952.965000 118.141000 22709
19 940.281000 116.700000 19914
20 940.298000 115.436000 17463
21 940.884000 114.287000 15396
22 941.043000 113.314000 13492
23 941.061000 112.363000 12021
24 942.880000 111.584000 10575
25 4005.286000 110.869000 9360
26 2985.567000 116.037000 17354
27 1046.722000 116.099000 13140
28 972.504000 115.627000 10799
29 970.680000 114.939000 9475
30 970.524000 114.395000 8195
31 967.841000 113.859000 7218
32 972.592000 113.682000 5767
33 965.805000 113.234000 5221
34 967.965000 112.849000 4686
35 972.185000 112.809000 3594
36 971.497000 112.454000 3406
37 970.312000 112.171000 3120
38 3069.193000 111.928000 2827
39 5403.910000 119.381000 17026
40 5387.693000 127.808000 29624
41 5418.278000 135.197000 36996
42 2291.579000 141.594000 40541
43 953.451000 137.670000 38256
44 951.277000 134.212000 35606
45 952.818000 131.153000 32824
46 953.956000 128.496000 29930
47 955.149000 126.199000 27044
48 942.976000 124.142000 24396
49 940.895000 122.042000 22497
50 940.816000 120.167000 20623
51 940.824000 118.560000 18681
52 939.796000 117.107000 16917
53 941.918000 115.840000 15222
54 941.649000 114.698000 13700
55 940.623000 113.631000 12410
56 939.587000 112.635000 11297
57 940.435000 111.921000 9901
58 941.075000 111.330000 8609
59 939.273000 110.691000 7735
60 939.831000 110.153000 6876
61 938.816000 109.636000 6193
62 939.886000 109.246000 5424
63 940.984000 108.865000 4830
64 945.653000 108.667000 4018
65 939.973000 108.286000 3776
66 939.754000 107.950000 3503
67 941.132000 107.828000 2872
68 940.011000 107.642000 2526
69 941.317000 107.496000 2187
70 940.416000 107.267000 2097
71 941.418000 107.235000 1637
72 940.929000 107.124000 1450
73 940.138000 106.940000 1451
74 1953.794000 106.936000 1096
75 5398.179000 115.044000 17038
76 1531.336000 121.132000 24956
77 960.795000 119.440000 22102
78 953.013000 118.221000 19015
79 941.501000 116.734000 17235
80 941.129000 115.471000 15453
81 941.182000 114.507000 13516
82 940.098000 113.608000 11936
83 940.128000 112.737000 10693
84 939.971000 111.898000 9699
85 940.561000 111.288000 8494
86 940.577000 110.692000 7563
87 940.953000 110.179000 6697
88 938.858000 109.584000 6213
89 940.364000 109.139000 5550
90 941.045000 108.827000 4786
91 954.773000 108.586000 4072
92 939.970000 108.218000 3790
93 940.281000 107.942000 3394
94 941.928000 107.830000 2770
95 941.927000 107.682000 2374
96 941.069000 107.497000 2150
97 941.133000 107.429000 1749
98 940.393000 107.394000 1381
99 940.876000 107.323000 1178
100 942.735000 107.232000 1066
101 939.587000 107.059000 1076
102 2788.697000 106.960000 1003
103 1436.654000 108.167000 3165
104 1292.528000 109.206000 4453
105 947.787000 108.933000 3886
106 945.949000 108.911000 2959
107 940.420000 108.649000 2744
108 944.461000 108.298000 2746
109 941.022000 108.048000 2560
110 941.415000 107.874000 2268
111 940.670000 107.702000 2045
112 941.525000 107.558000 1821
113 941.163000 107.496000 1490
114 940.345000 107.383000 1344
115 941.850000 107.264000 1245
116 941.611000 107.177000 1108
117 941.101000 107.030000 1110
118 940.783000 106.970000 952
119 939.097000 106.875000 905
120 938.824000 106.763000 902
121 941.363000 106.745000 713
122 941.912000 106.825000 695
123 941.750000 106.871000 613
124 940.126000 106.902000 522
125 940.216000 106.837000 522
126 940.926000 106.774000 518
127 941.101000 106.651000 533
128 940.876000 106.648000 404
129 942.005000 106.931000 868
130 940.018000 106.805000 873
131 940.900000 106.726000 812
132 941.069000 106.596000 819
133 941.497000 106.569000 668
134 939.735000 106.448000 677
135 941.759000 106.464000 540
136 942.202000 106.611000 700
137 940.466000 106.562000 624
138 941.401000 106.540000 511
139 939.538000 106.470000 513
140 940.849000 106.509000 461
141 941.363000 106.516000 360
142 941.775000 106.608000 454
143 940.759000 106.532000 459
144 940.771000 106.605000 490
145 941.393000 106.613000 384
146 940.991000 106.638000 338
147 940.706000 106.553000 349
148 950.804000 106.518000 331
149 941.455000 106.535000 283
150 940.299000 106.465000 292
151 939.274000 106.400000 299
152 941.138000 106.416000 256
153 939.684000 106.441000 242
154 939.756000 106.389000 247
155 941.577000 106.403000 213
156 939.770000 106.307000 230
157 940.000000 106.313000 184
158 940.883000 106.276000 188
159 939.436000 106.168000 209
160 949.803000 106.189000 197
161 941.975000 106.243000 256
162 940.646000 106.322000 350
163 938.932000 106.274000 351
164 938.844000 106.146000 372
165 2824.003000 106.221000 429
166 1092.428000 107.543000 2966
167 971.116000 107.929000 2996
168 966.114000 108.052000 2493
169 948.514000 107.984000 2005
170 939.961000 107.874000 1723
171 942.139000 107.875000 1295
172 941.632000 107.719000 1284
173 951.135000 107.499000 1299
174 940.482000 107.296000 1309
175 939.496000 107.158000 1258
176 939.794000 107.066000 1128
177 940.249000 107.008000 962
178 939.710000 106.911000 914
179 940.783000 106.957000 777
180 945.602000 107.199000 1067
181 939.641000 106.995000 1085
182 939.474000 106.852000 1087
183 941.036000 106.753000 1013
184 939.458000 106.565000 1029
185 953.742000 106.456000 989
186 940.958000 106.518000 865
187 939.748000 106.441000 803
188 940.430000 106.388000 707
189 940.928000 106.399000 551
190 2500.665000 106.463000 541
191 1503.050000 113.644000 14768
192 1149.636000 114.021000 11830
193 946.202000 113.250000 10415
194 944.296000 112.498000 9315
195 940.472000 111.839000 8303
196 939.708000 111.081000 7745
197 942.594000 110.539000 6892
198 941.123000 109.991000 6266
199 940.250000 109.547000 5587
200 952.175000 109.275000 4734
[FINAL]:
Client Throughput=0.891241 Byte/s
AverageUPL=1012.759000
    AverageRTT=107.414000
    tcpi_retransmits=0
    tcpi_rto=312000
    tcpi_lost=0
    tcpi_retrans=0
    tcpi_snd_cwnd=10
    tcpi_snd_ssthresh=2147483647
    tcpi_total_retrans=0
cca=CUBIC, bf1=173, bf2=173, c2s=1 bytes, s2c=1000000 bytes, d1=1msms, d2=50msms, bw1=100Mbps, bw2=10Mbps
1 1202.537000 209.765000 112398
2 939.539000 196.782000 110265
3 939.015000 185.444000 105375
4 942.488000 175.507000 98904
5 940.262000 166.806000 91582
6 940.242000 159.168000 83962
7 939.154000 152.555000 76197
8 939.337000 146.720000 68817
9 939.243000 141.524000 62005
10 939.797000 137.044000 55465
11 940.286000 133.117000 49452
12 941.009000 129.722000 43879
13 938.684000 126.613000 39128
14 940.108000 123.949000 34673
15 941.228000 121.674000 30555
16 5273.334000 124.826000 29221
17 5393.536000 130.645000 33553
18 5130.046000 135.736000 35348
19 5201.716000 140.192000 35422
20 4928.101000 144.089000 34359
21 3567.816000 147.522000 32637
22 5389.042000 150.487000 30408
23 5404.620000 153.094000 28019
24 5187.965000 155.406000 25639
25 5310.958000 157.423000 23263
26 5529.647000 159.171000 20943
27 5420.472000 162.675000 22716
28 5367.346000 163.804000 19295
29 5204.489000 164.768000 16398
30 5248.759000 165.601000 13965
31 5272.315000 166.329000 11929
32 4929.585000 160.706000 12962
33 5404.786000 162.049000 12406
34 5096.647000 163.216000 11639
35 5377.038000 164.248000 10793
36 5262.290000 165.157000 9913
37 5418.035000 165.896000 8913
38 5232.580000 166.571000 8034
39 5365.368000 167.287000 7458
40 5393.108000 167.741000 6502
41 5418.829000 166.237000 6675
42 5248.629000 166.904000 6340
43 5104.024000 169.418000 9784
44 4927.899000 169.780000 8062
45 5369.667000 169.986000 6457
46 5434.795000 170.180000 5231
47 5380.699000 170.627000 4817
48 5248.611000 170.716000 3792
49 5404.605000 170.743000 2897
50 5187.806000 170.784000 2255
51 5356.562000 170.868000 1859
52 5390.341000 170.951000 1561
53 5435.225000 171.022000 1312
54 5233.068000 171.069000 1079
55 3905.259000 171.114000 898
56 5248.240000 171.104000 694
57 1671.408000 171.110000 533
58 1185.181000 164.368000 2202
59 946.434000 157.288000 3903
60 944.872000 151.130000 5320
61 941.642000 145.586000 6540
62 940.703000 140.719000 7552
63 941.770000 136.403000 8395
64 940.311000 132.542000 9098
65 939.363000 129.188000 9652
66 941.287000 126.259000 10083
67 940.076000 123.737000 10398
68 940.055000 121.562000 10617
69 941.082000 119.687000 10754
70 940.458000 118.044000 10828
71 940.982000 116.534000 10867
72 940.081000 115.180000 10859
73 942.189000 114.122000 10260
74 939.547000 113.052000 9834
75 940.072000 112.166000 9148
76 940.223000 111.393000 8408
77 941.460000 110.768000 7555
78 940.388000 110.211000 6780
79 939.951000 109.671000 6166
80 939.264000 109.122000 5722
81 939.842000 108.766000 5003
82 1152.231000 108.376000 4534
83 1509.371000 116.308000 19265
84 939.613000 114.996000 17072
85 941.858000 113.918000 14961
86 941.186000 112.978000 13100
87 940.758000 112.042000 11697
88 941.211000 111.249000 10360
89 941.390000 110.629000 9010
90 940.967000 110.006000 8004
91 940.249000 109.507000 7000
92 940.669000 109.071000 6123
93 939.754000 108.664000 5406
94 939.732000 108.342000 4698
95 939.710000 108.027000 4154
96 940.842000 107.773000 3623
97 940.249000 107.565000 3132
98 3716.820000 110.530000 8278
99 1412.696000 111.309000 7767
100 956.645000 110.767000 6910
101 942.449000 110.332000 6051
102 942.723000 109.826000 5551
103 941.344000 109.565000 4684
104 943.415000 109.335000 3973
105 943.076000 109.132000 3386
106 943.103000 109.118000 2567
107 941.672000 108.936000 2290
108 941.956000 108.803000 1984
109 939.506000 108.486000 2001
110 940.428000 108.243000 1988
111 939.773000 107.984000 1990
112 939.009000 107.688000 2002
113 940.135000 107.451000 1974
114 940.806000 107.250000 1883
115 941.121000 107.101000 1710
116 940.970000 106.942000 1600
117 940.258000 106.775000 1535
118 939.307000 106.643000 1415
119 939.019000 106.479000 1390
120 940.965000 106.434000 1132
121 940.267000 106.393000 931
122 940.594000 106.320000 844
123 939.659000 106.232000 810
124 940.924000 106.202000 666
125 940.119000 106.156000 592
126 940.561000 106.079000 592
127 939.550000 106.070000 462
128 940.569000 106.029000 428
129 939.471000 105.946000 435
130 940.107000 105.884000 437
131 939.665000 105.852000 391
132 939.804000 105.919000 427
133 940.270000 105.932000 347
134 940.367000 105.956000 306
135 939.738000 105.936000 270
136 940.283000 105.842000 285
137 939.346000 105.810000 277
138 940.842000 105.739000 286
139 940.062000 105.651000 299
140 940.166000 105.707000 336
141 1783.546000 105.752000 341
142 939.021000 105.631000 361
143 939.837000 105.635000 277
144 940.602000 105.683000 305
145 941.229000 105.702000 267
146 940.227000 105.748000 291
147 941.418000 105.824000 371
148 940.857000 105.791000 344
149 940.855000 105.780000 281
150 940.668000 105.725000 286
151 940.081000 105.745000 255
152 942.296000 105.800000 302
153 939.504000 105.778000 272
154 941.492000 105.868000 384
155 941.169000 105.839000 347
156 939.388000 105.771000 353
157 940.211000 105.755000 296
158 941.632000 105.800000 312
159 941.370000 105.827000 287
160 940.356000 105.810000 248
161 941.654000 105.838000 242
162 939.686000 105.869000 243
163 941.116000 105.853000 214
164 939.487000 105.850000 167
165 939.677000 105.846000 132
166 940.218000 105.950000 306
167 940.566000 105.893000 311
168 940.117000 105.952000 351
169 940.812000 105.997000 353
170 940.051000 106.032000 335
171 939.956000 106.001000 313
172 1199.894000 138.501000 65235
173 940.352000 134.389000 57151
174 940.836000 130.843000 49954
175 939.796000 127.715000 43722
176 940.704000 124.941000 38340
177 939.576000 122.517000 33603
178 939.274000 120.418000 29399
179 939.825000 118.610000 25666
180 2891.240000 117.001000 22467
181 5367.541000 123.795000 30437
182 5390.149000 129.732000 34703
183 5214.599000 134.934000 36432
184 5420.105000 139.519000 36493
185 5435.251000 143.417000 35166
186 3424.654000 146.928000 33396
187 1443.371000 143.160000 32584
188 1436.416000 139.854000 31050
189 1440.277000 136.944000 29108
190 1448.075000 134.414000 26890
191 1152.276000 132.206000 24584
192 944.246000 129.104000 24591
193 942.241000 126.339000 23975
194 940.978000 123.915000 22828
195 940.076000 121.743000 21466
196 941.150000 119.751000 20083
197 942.148000 117.980000 18603
198 940.780000 116.412000 17089
199 940.933000 115.093000 15456
200 941.037000 113.960000 13856
[FINAL]:
Client Throughput=0.502046 Byte/s
AverageUPL=1239.402000
    AverageRTT=112.866000
    tcpi_retransmits=0
    tcpi_rto=316000
    tcpi_lost=0
    tcpi_retrans=0
    tcpi_snd_cwnd=10
    tcpi_snd_ssthresh=2147483647
    tcpi_total_retrans=1
cca=CUBIC, bf1=346, bf2=346, c2s=1 bytes, s2c=1000000 bytes, d1=1msms, d2=50msms, bw1=100Mbps, bw2=10Mbps
1 1183.732000 212.262000 113881
2 941.291000 199.029000 111878
3 939.147000 187.296000 107373
4 939.339000 177.112000 100899
5 939.491000 168.144000 93609
6 940.370000 160.375000 85745
7 939.981000 153.505000 78049
8 942.092000 147.547000 70452
9 940.248000 142.351000 63232
10 5425.442000 139.535000 53057
11 5481.550000 143.517000 47757
12 5443.580000 147.042000 42867
13 5479.928000 150.084000 38235
14 5409.918000 151.476000 31459
15 5482.290000 154.060000 28764
16 5376.424000 156.302000 26056
17 5482.383000 158.133000 23204
18 5388.551000 159.783000 20704
19 5027.987000 161.241000 18443
20 4832.726000 162.523000 16396
21 5342.352000 163.618000 14488
22 5467.132000 164.565000 12759
23 5451.993000 165.434000 11309
24 5467.584000 166.188000 9989
25 5512.279000 166.825000 8766
26 3644.889000 167.417000 7757
27 1168.155000 161.112000 9091
28 1093.850000 154.810000 10382
29 1093.660000 149.299000 11435
30 1091.870000 144.489000 12280
31 1066.378000 140.253000 12955
32 942.298000 136.037000 13604
33 941.407000 132.326000 14107
34 941.331000 129.061000 14482
35 939.643000 126.063000 14779
36 941.420000 123.582000 14937
37 941.047000 121.368000 15024
38 939.982000 119.428000 15039
39 940.882000 117.766000 14604
40 940.293000 116.272000 13941
41 939.983000 114.847000 13306
42 942.034000 113.646000 12380
43 940.675000 112.706000 11165
44 940.570000 111.803000 10180
45 941.232000 111.098000 9045
46 941.227000 110.426000 8128
47 940.620000 109.854000 7239
48 940.091000 109.318000 6502
49 940.228000 108.865000 5783
50 940.288000 108.405000 5257
51 941.055000 108.039000 4675
52 941.607000 107.828000 3928
53 941.269000 107.588000 3425
54 940.261000 107.319000 3108
55 941.081000 107.123000 2722
56 942.016000 106.958000 2371
57 939.774000 106.772000 2151
58 941.305000 106.708000 1742
59 940.758000 106.535000 1653
60 3329.862000 106.510000 1289
61 2223.483000 114.563000 17074
62 973.499000 114.008000 13916
63 973.460000 113.506000 11442
64 941.994000 112.737000 10119
65 942.220000 112.060000 8943
66 942.899000 111.646000 7535
67 941.899000 111.088000 6767
68 941.129000 110.420000 6411
69 940.832000 109.768000 6112
70 940.318000 109.251000 5618
71 940.045000 108.770000 5177
72 940.988000 108.386000 4650
73 940.371000 108.054000 4152
74 939.660000 107.627000 3967
75 941.063000 107.362000 3506
76 940.721000 107.216000 2922
77 941.451000 107.051000 2521
78 940.436000 106.838000 2317
79 940.351000 106.646000 2122
80 940.623000 106.516000 1851
81 940.089000 106.345000 1730
82 940.811000 106.385000 1377
83 3675.783000 106.379000 1044
84 1456.180000 107.218000 2462
85 1449.395000 108.398000 4205
86 1463.707000 109.464000 5286
87 1448.506000 109.895000 4827
88 1460.314000 110.732000 5294
89 1455.834000 111.475000 5457
90 1460.088000 112.130000 5402
91 3694.931000 112.685000 5162
92 1448.646000 113.187000 4877
93 1322.105000 113.661000 4605
94 942.638000 112.824000 4670
95 942.358000 112.232000 4672
96 941.288000 111.607000 4683
97 940.571000 110.866000 4721
98 941.434000 110.280000 4712
99 941.270000 109.735000 4624
100 940.438000 109.161000 4615
101 941.392000 108.743000 4298
102 941.143000 108.415000 3880
103 941.071000 108.067000 3606
104 940.462000 107.748000 3342
105 939.966000 107.388000 3227
106 940.440000 107.158000 2880
107 941.485000 107.064000 2349
108 941.296000 106.945000 1999
109 941.185000 106.814000 1761
110 940.216000 106.550000 1772
111 941.669000 106.502000 1424
112 941.033000 106.441000 1190
113 940.509000 106.315000 1146
114 940.604000 106.249000 991
115 940.482000 106.171000 900
116 940.534000 106.093000 831
117 939.929000 105.937000 844
118 940.844000 105.914000 679
119 940.101000 105.869000 599
120 941.441000 105.977000 665
121 940.147000 105.825000 683
122 942.315000 105.813000 535
123 941.517000 105.859000 493
124 940.572000 105.775000 499
125 941.324000 105.793000 409
126 941.512000 105.818000 357
127 940.268000 105.830000 291
128 940.374000 105.741000 304
129 939.803000 105.726000 258
130 940.452000 105.687000 260
131 941.434000 105.709000 238
132 940.054000 105.657000 244
133 941.341000 105.736000 340
134 940.100000 105.696000 334
135 940.116000 105.594000 349
136 941.230000 105.668000 410
137 939.773000 105.657000 330
138 940.442000 105.645000 272
139 940.814000 105.731000 375
140 940.883000 105.769000 357
141 942.295000 105.783000 296
142 940.198000 105.759000 269
143 939.782000 105.696000 276
144 939.908000 105.576000 298
145 940.611000 105.580000 232
146 940.543000 105.577000 181
147 940.596000 105.531000 186
148 940.297000 105.502000 188
149 941.151000 105.435000 199
150 940.462000 105.496000 271
151 940.949000 105.530000 272
152 940.133000 105.444000 285
153 941.295000 105.465000 255
154 940.741000 105.549000 360
155 945.435000 106.208000 1587
156 940.782000 106.107000 1390
157 940.733000 106.002000 1253
158 940.298000 105.862000 1220
159 940.655000 105.800000 1039
160 939.711000 105.772000 835
161 940.271000 105.669000 833
162 939.073000 105.583000 797
163 940.942000 105.628000 689
164 939.814000 105.573000 627
165 940.715000 105.588000 500
166 941.015000 105.615000 429
167 939.978000 105.635000 363
168 940.821000 105.703000 408
169 940.964000 105.711000 322
170 941.879000 105.815000 448
171 940.790000 105.838000 382
172 3912.837000 105.933000 477
173 5467.107000 114.101000 16693
174 5482.860000 121.329000 26976
175 5405.367000 127.581000 32736
176 5451.116000 133.051000 35493
177 5497.550000 137.841000 36200
178 5452.754000 142.024000 35515
179 5391.192000 145.758000 34104
180 5670.478000 148.989000 32040
181 5302.131000 151.885000 29823
182 5528.315000 154.343000 27283
183 5131.651000 156.456000 24688
184 5482.965000 158.354000 22312
185 2276.750000 159.976000 19977
186 1460.608000 154.582000 20701
187 1083.023000 149.857000 21236
188 944.384000 144.664000 21870
189 943.109000 140.108000 22326
190 942.469000 136.079000 22635
191 941.241000 132.320000 22867
192 941.718000 129.151000 22945
193 941.146000 126.206000 22964
194 943.637000 123.668000 22300
195 939.968000 121.375000 21311
196 939.735000 119.407000 19918
197 940.998000 117.709000 18335
198 940.279000 116.145000 16879
199 940.322000 114.809000 15331
200 946.111000 113.689000 13739
[FINAL]:
Client Throughput=0.595833 Byte/s
AverageUPL=1530.349000
    AverageRTT=114.245000
    tcpi_retransmits=0
    tcpi_rto=316000
    tcpi_lost=0
    tcpi_retrans=0
    tcpi_snd_cwnd=10
    tcpi_snd_ssthresh=2147483647
    tcpi_total_retrans=0
