cca=BBR, bf1=21, bf2=21, c2s=1 bytes, s2c=1000000 bytes, d1=1msms, d2=50msms, bw1=100Mbps, bw2=10Mbps
1 470.732000 106.090000 216
2 996.979000 106.481000 435
3 984.729000 106.581000 570
4 1186.220000 106.641000 701
5 990.264000 106.351000 389
6 986.255000 106.253000 293
7 979.518000 106.764000 487
8 983.481000 106.445000 297
9 980.054000 106.412000 578
10 1003.980000 107.579000 343
11 983.745000 106.418000 397
12 979.796000 106.481000 581
13 981.748000 106.449000 386
14 1389.776000 107.452000 240
15 980.308000 105.993000 329
16 981.130000 106.318000 265
17 974.769000 106.255000 542
18 989.590000 107.648000 229
19 981.016000 106.609000 409
20 979.605000 106.774000 472
21 977.438000 106.129000 437
22 978.235000 106.515000 486
23 1060.335000 106.938000 559
24 1149.926000 211.475000 65736
25 2874.536000 117.405000 593
26 1447.727000 108.095000 481
27 993.572000 106.408000 208
28 1062.412000 109.827000 355
29 1077.213000 109.245000 393
30 1035.893000 107.127000 399
31 1084.558000 106.857000 471
32 1118.670000 107.096000 637
33 1110.059000 106.781000 535
34 981.990000 106.310000 490
35 977.884000 106.530000 314
36 993.848000 107.694000 468
37 1109.798000 107.111000 437
38 998.567000 107.505000 434
39 984.812000 106.482000 455
40 1125.241000 106.656000 405
41 1104.086000 107.185000 365
42 988.270000 106.667000 448
43 1039.910000 109.951000 637
44 982.451000 106.228000 419
45 982.172000 106.344000 350
46 977.565000 106.410000 373
47 1060.523000 107.371000 444
48 1131.542000 107.167000 380
49 1010.102000 107.456000 334
50 1033.370000 107.524000 404
51 979.528000 106.197000 343
52 976.204000 106.522000 489
53 1300.403000 106.375000 572
54 975.736000 106.007000 463
55 1082.943000 107.598000 583
56 1074.470000 107.545000 373
57 1015.199000 107.200000 374
58 979.774000 106.137000 410
59 980.129000 106.520000 386
60 1080.267000 107.269000 539
61 4566.710000 117.542000 668
62 1608.076000 117.305000 524
63 1836.991000 119.487000 2363
64 1492.405000 117.465000 471
65 1491.673000 117.436000 548
66 1491.686000 116.918000 502
67 4122.214000 188.666000 1978
68 5966.689000 188.490000 2028
69 6101.653000 189.275000 3608
70 5900.439000 183.978000 5286
71 6092.013000 188.568000 1708
72 5685.806000 186.658000 2313
73 5697.692000 188.411000 1841
74 5886.435000 188.368000 1926
75 6177.578000 159.841000 6563
76 2144.748000 109.998000 289
77 1042.783000 110.042000 233
78 1012.817000 107.232000 342
79 978.359000 106.172000 394
80 989.434000 106.887000 688
81 985.863000 106.586000 454
82 978.678000 106.484000 527
83 1002.524000 107.610000 278
84 1081.429000 107.113000 786
85 1071.902000 107.510000 787
86 1056.324000 106.970000 590
87 1117.196000 107.336000 1061
88 974.460000 106.125000 439
89 983.245000 106.162000 628
90 1069.155000 107.329000 566
91 1125.886000 107.195000 351
92 1002.472000 107.477000 420
93 986.089000 107.092000 492
94 978.575000 106.546000 615
95 975.229000 106.023000 348
96 998.743000 107.356000 709
97 1100.889000 107.090000 668
98 981.672000 107.376000 705
99 995.511000 106.795000 323
100 980.036000 106.324000 410
101 1290.027000 106.626000 357
102 1001.289000 107.310000 466
103 1120.136000 106.734000 621
104 979.188000 106.568000 461
105 982.266000 106.266000 459
106 983.106000 106.302000 417
107 983.921000 106.451000 302
108 986.256000 106.411000 372
109 985.067000 106.547000 361
110 979.067000 106.630000 572
111 1677.199000 107.210000 583
112 1022.233000 107.784000 521
113 986.140000 106.339000 475
114 984.487000 106.471000 376
115 989.255000 106.476000 427
116 982.521000 106.248000 455
117 983.586000 106.198000 428
118 985.274000 106.313000 546
119 981.140000 106.345000 419
120 3343.081000 303.608000 2468
121 6046.749000 188.553000 1983
122 5708.607000 188.519000 1870
123 5920.299000 188.487000 1922
124 6045.266000 188.399000 2176
125 5686.467000 187.590000 1225
126 5685.815000 188.481000 1810
127 3409.153000 117.391000 471
128 1485.579000 123.165000 1573
129 1491.044000 117.437000 650
130 1491.931000 117.528000 586
131 1495.259000 117.453000 534
132 1487.511000 118.965000 721
133 1064.733000 107.411000 197
134 993.712000 106.438000 251
135 980.576000 107.177000 416
136 986.832000 107.179000 321
137 983.607000 106.903000 143
138 1091.695000 108.111000 576
139 982.356000 106.563000 421
140 983.939000 106.341000 368
141 1322.673000 106.410000 319
142 996.542000 107.576000 687
143 1053.370000 107.468000 424
144 1112.540000 107.342000 905
145 1031.526000 107.354000 511
146 983.064000 106.532000 482
147 980.474000 106.388000 476
148 977.233000 106.277000 332
149 1016.122000 107.565000 409
150 1114.344000 107.112000 653
151 1116.619000 107.661000 393
152 976.231000 106.582000 448
153 1323.394000 106.604000 465
154 1086.666000 107.250000 335
155 1040.949000 107.343000 552
156 1068.472000 107.497000 409
157 1075.653000 107.210000 363
158 983.980000 106.596000 322
159 983.329000 106.499000 306
160 978.586000 106.438000 557
161 1114.218000 107.763000 922
162 983.687000 106.581000 416
163 1022.128000 107.674000 516
164 1129.195000 107.523000 356
165 1072.421000 107.519000 645
166 1054.059000 107.344000 396
167 1065.031000 107.576000 276
168 983.214000 106.057000 600
169 1002.340000 107.458000 445
170 980.494000 106.429000 370
171 1014.082000 107.210000 422
172 985.353000 106.452000 359
173 982.855000 106.730000 418
174 3626.184000 124.040000 4917
175 1566.118000 117.778000 340
176 1456.656000 107.933000 418
177 1028.253000 106.098000 452
178 997.708000 106.893000 471
179 1108.798000 107.844000 181
180 1006.115000 106.976000 562
181 1043.429000 107.385000 598
182 996.297000 106.063000 542
183 987.567000 105.935000 354
184 990.884000 106.097000 754
185 985.574000 106.315000 390
186 986.016000 106.553000 486
187 1079.845000 106.985000 480
188 982.983000 106.595000 367
189 1033.860000 107.690000 753
190 1064.316000 106.889000 550
191 1015.745000 107.476000 356
192 1130.495000 106.466000 489
193 1124.928000 107.151000 672
194 981.094000 106.178000 337
195 1081.987000 107.376000 565
196 1128.326000 107.587000 632
197 1088.578000 107.447000 347
198 1229.716000 107.908000 791
199 1053.145000 107.732000 299
200 979.099000 106.584000 582
[FINAL]:
Server Throughput=671072.976569 Byte/s
AverageUPL=1436.109000
    AverageRTT=114.749000
    tcpi_retransmits=0
    tcpi_rto=308000
    tcpi_lost=0
    tcpi_retrans=0
    tcpi_snd_cwnd=182
    tcpi_snd_ssthresh=92
    tcpi_total_retrans=5208
cca=BBR, bf1=43, bf2=43, c2s=1 bytes, s2c=1000000 bytes, d1=1msms, d2=50msms, bw1=100Mbps, bw2=10Mbps
1 485.753000 111.555000 1060
2 812.857000 112.310000 126
3 951.805000 113.551000 207
4 943.358000 116.328000 311
5 941.665000 117.576000 365
6 941.429000 115.548000 390
7 940.401000 115.362000 541
8 938.893000 113.491000 349
9 943.198000 114.264000 529
10 940.861000 113.615000 503
11 940.400000 114.699000 519
12 940.190000 113.726000 321
13 940.314000 113.399000 313
14 941.149000 114.084000 466
15 939.926000 114.943000 437
16 940.633000 115.000000 555
17 940.022000 114.268000 507
18 940.699000 116.764000 462
19 940.361000 115.852000 206
20 938.775000 115.038000 255
21 940.374000 115.398000 322
22 3616.295000 117.387000 497
23 1301.199000 116.178000 503
24 1136.527000 121.801000 3085
25 1138.866000 116.459000 337
26 1139.397000 116.411000 317
27 1358.053000 116.590000 315
28 1139.806000 116.216000 784
29 1140.174000 116.451000 300
30 1136.572000 116.452000 330
31 961.699000 124.728000 843
32 942.725000 123.791000 800
33 940.956000 122.635000 506
34 939.430000 117.167000 439
35 940.228000 114.025000 375
36 949.283000 114.940000 543
37 939.750000 114.691000 406
38 939.951000 119.012000 398
39 939.992000 118.415000 401
40 941.100000 119.304000 583
41 940.016000 119.319000 395
42 939.509000 119.088000 330
43 940.347000 114.435000 476
44 940.056000 114.466000 349
45 938.453000 114.718000 426
46 944.144000 114.641000 295
47 939.931000 115.482000 342
48 940.332000 114.427000 376
49 1144.770000 111.660000 1075
50 940.078000 116.627000 358
51 939.972000 118.361000 344
52 940.150000 115.030000 428
53 939.976000 114.889000 381
54 939.087000 113.863000 266
55 939.288000 113.251000 368
56 940.462000 113.771000 285
57 940.142000 113.630000 532
58 939.294000 113.678000 403
59 2960.999000 124.337000 13819
60 1491.323000 117.376000 485
61 1477.529000 118.419000 1863
62 1495.845000 118.183000 1637
63 1491.641000 117.471000 518
64 1495.560000 117.397000 565
65 1041.648000 115.454000 458
66 943.607000 114.793000 887
67 942.117000 117.311000 884
68 944.445000 116.285000 784
69 942.349000 116.269000 302
70 940.810000 116.706000 412
71 939.825000 117.107000 97
72 941.805000 114.493000 473
73 939.885000 112.793000 301
74 942.788000 113.840000 408
75 939.496000 114.240000 411
76 939.868000 114.741000 271
77 940.594000 113.989000 402
78 939.296000 113.536000 251
79 940.873000 114.868000 370
80 940.008000 113.477000 383
81 939.834000 113.762000 330
82 940.140000 113.838000 372
83 940.941000 113.393000 468
84 939.478000 114.392000 292
85 1245.808000 113.204000 330
86 939.138000 112.980000 554
87 940.083000 113.575000 293
88 940.630000 118.340000 525
89 940.146000 119.230000 586
90 940.714000 114.279000 412
91 940.647000 113.980000 304
92 939.769000 113.965000 443
93 939.295000 113.941000 429
94 940.853000 114.290000 553
95 939.800000 114.275000 395
96 940.455000 113.954000 476
97 940.251000 114.037000 311
98 1245.516000 114.677000 378
99 939.564000 113.432000 294
100 940.275000 113.859000 371
101 2897.676000 478.761000 5923
102 4837.218000 122.397000 563
103 1620.830000 108.803000 538
104 1278.765000 127.266000 3898
105 943.848000 118.466000 389
106 940.376000 119.823000 417
107 940.394000 119.260000 491
108 939.707000 118.704000 384
109 939.238000 118.973000 342
110 940.496000 118.615000 265
111 939.945000 114.621000 467
112 940.554000 114.052000 343
113 940.387000 113.918000 356
114 939.738000 116.001000 378
115 938.703000 116.240000 447
116 941.233000 117.417000 524
117 939.500000 116.323000 428
118 939.736000 114.146000 397
119 940.216000 116.357000 491
120 939.743000 113.911000 462
121 1245.344000 109.736000 738
122 941.031000 116.993000 557
123 2253.196000 429.205000 3274
124 1781.344000 117.270000 518
125 1221.140000 130.594000 3205
126 942.285000 120.019000 691
127 941.807000 119.740000 259
128 944.895000 118.543000 531
129 942.946000 115.851000 705
130 942.437000 115.902000 805
131 1256.028000 127.831000 3987
132 942.965000 118.895000 740
133 942.088000 116.461000 542
134 943.389000 116.462000 268
135 942.284000 118.510000 597
136 942.309000 116.667000 282
137 939.673000 116.879000 469
138 940.924000 117.579000 465
139 939.047000 120.703000 288
140 941.268000 118.840000 466
141 939.534000 115.243000 201
142 940.250000 114.900000 318
143 940.940000 116.083000 440
144 940.471000 114.256000 501
145 939.739000 115.800000 438
146 939.716000 113.924000 353
147 939.374000 116.564000 479
148 939.652000 114.818000 444
149 941.384000 115.683000 313
150 939.834000 116.235000 275
151 940.463000 116.464000 599
152 939.597000 115.880000 341
153 939.402000 116.073000 522
154 1774.444000 425.561000 3380
155 939.993000 114.014000 210
156 940.006000 114.991000 486
157 940.347000 115.726000 392
158 939.633000 112.477000 523
159 1143.351000 113.526000 1265
160 940.717000 138.261000 2120
161 940.771000 114.384000 795
162 939.715000 114.644000 483
163 940.563000 114.503000 663
164 940.578000 113.742000 424
165 940.795000 114.483000 540
166 939.208000 113.764000 540
167 940.341000 113.827000 547
168 939.604000 114.293000 507
169 940.752000 114.317000 594
170 940.760000 113.071000 541
171 939.924000 114.003000 568
172 941.289000 113.999000 511
173 1144.187000 116.785000 1396
174 939.469000 114.229000 614
175 940.037000 118.077000 919
176 940.177000 117.164000 460
177 941.297000 116.206000 548
178 939.868000 116.086000 865
179 940.216000 117.243000 489
180 941.138000 114.390000 586
181 940.229000 114.584000 316
182 941.019000 113.422000 583
183 940.303000 114.181000 396
184 939.694000 113.038000 603
185 939.687000 114.426000 544
186 940.710000 113.977000 529
187 939.199000 113.183000 542
188 939.796000 113.779000 664
189 940.018000 114.084000 454
190 939.701000 116.734000 509
191 940.249000 118.383000 331
192 939.152000 114.582000 378
193 940.882000 114.560000 409
194 1075.531000 183.603000 56082
195 4725.248000 118.139000 554
196 1356.133000 114.659000 1057
197 952.368000 118.598000 1025
198 954.386000 116.075000 591
199 962.906000 110.008000 388
200 963.243000 110.261000 315
[FINAL]:
Server Throughput=936912.697739 Byte/s
AverageUPL=1096.246000
    AverageRTT=126.826000
    tcpi_retransmits=0
    tcpi_rto=312000
    tcpi_lost=0
    tcpi_retrans=0
    tcpi_snd_cwnd=190
    tcpi_snd_ssthresh=88
    tcpi_total_retrans=0
cca=BBR, bf1=86, bf2=86, c2s=1 bytes, s2c=1000000 bytes, d1=1msms, d2=50msms, bw1=100Mbps, bw2=10Mbps
1 472.185000 105.820000 430
2 834.153000 157.549000 22075
3 942.146000 122.447000 4365
4 943.091000 116.671000 349
5 941.243000 115.585000 396
6 939.874000 114.387000 371
7 940.454000 114.542000 428
8 940.118000 115.153000 552
9 940.508000 115.940000 335
10 941.334000 115.114000 432
11 940.233000 116.626000 450
12 940.006000 115.990000 419
13 940.842000 119.639000 521
14 939.464000 121.668000 342
15 939.863000 120.275000 508
16 940.439000 116.108000 497
17 939.646000 115.823000 587
18 940.403000 117.118000 362
19 939.242000 116.027000 269
20 940.085000 115.122000 271
21 1243.530000 106.699000 1150
22 939.710000 117.116000 282
23 939.663000 117.819000 474
24 938.640000 112.957000 477
25 940.151000 114.149000 583
26 940.481000 113.866000 544
27 939.602000 114.905000 486
28 940.834000 113.906000 362
29 940.142000 115.024000 323
30 940.166000 114.487000 265
31 938.720000 114.103000 202
32 939.580000 114.093000 326
33 939.723000 114.428000 396
34 1863.432000 459.769000 3250
35 3593.968000 117.254000 557
36 1495.621000 117.362000 473
37 1292.239000 113.957000 1998
38 944.225000 111.929000 279
39 941.333000 113.759000 212
40 1249.606000 113.609000 526
41 940.450000 114.165000 232
42 940.886000 113.359000 580
43 939.930000 114.006000 247
44 939.532000 114.563000 310
45 939.620000 113.391000 581
46 940.155000 113.556000 501
47 941.135000 114.294000 339
48 940.547000 114.165000 375
49 939.557000 114.497000 420
50 939.707000 113.721000 319
51 939.332000 114.999000 461
52 940.494000 114.201000 536
53 939.648000 115.060000 360
54 940.399000 115.295000 332
55 4791.680000 192.779000 8706
56 5696.152000 188.298000 2066
57 5998.790000 188.450000 1996
58 4196.188000 109.513000 715
59 1051.321000 116.955000 864
60 941.651000 116.781000 829
61 940.391000 117.397000 387
62 968.009000 117.413000 547
63 941.047000 114.098000 445
64 939.796000 113.436000 434
65 940.704000 113.034000 479
66 941.265000 118.060000 443
67 939.468000 117.828000 359
68 939.994000 114.234000 318
69 939.960000 113.282000 378
70 939.919000 113.953000 546
71 939.796000 113.861000 371
72 940.917000 114.979000 519
73 939.045000 114.980000 372
74 939.443000 113.237000 439
75 940.886000 114.285000 443
76 939.521000 113.969000 304
77 1144.963000 117.023000 404
78 939.391000 117.052000 312
79 940.020000 113.679000 442
80 941.667000 114.285000 392
81 939.789000 114.706000 349
82 939.675000 114.504000 418
83 940.618000 113.878000 326
84 939.459000 113.900000 404
85 940.337000 113.878000 398
86 940.269000 115.339000 332
87 938.913000 118.994000 627
88 940.069000 118.854000 602
89 939.986000 113.465000 221
90 940.330000 113.867000 518
91 941.867000 113.340000 251
92 941.743000 115.508000 589
93 941.137000 116.921000 364
94 939.111000 113.260000 359
95 940.112000 114.401000 441
96 938.964000 114.753000 446
97 939.601000 114.822000 364
98 940.687000 114.073000 430
99 938.773000 113.789000 355
100 941.192000 113.723000 455
101 940.013000 114.247000 293
102 939.812000 113.951000 369
103 939.300000 114.661000 426
104 940.658000 113.830000 463
105 939.976000 114.796000 286
106 939.878000 113.744000 485
107 4729.843000 507.374000 3452
108 5869.913000 188.406000 2094
109 5733.731000 193.002000 6007
110 5967.176000 188.405000 1869
111 6079.729000 188.360000 1921
112 5686.073000 188.484000 1908
113 5699.272000 188.503000 1908
114 4433.433000 117.521000 490
115 1515.485000 118.122000 1485
116 1491.274000 118.027000 1389
117 1495.550000 117.302000 426
118 1470.150000 108.212000 1199
119 1009.993000 117.147000 350
120 941.710000 118.590000 430
121 943.125000 116.711000 1010
122 943.761000 120.142000 1273
123 943.358000 119.213000 314
124 940.831000 120.189000 489
125 939.265000 115.491000 284
126 939.409000 117.032000 335
127 940.800000 113.979000 426
128 939.892000 114.449000 559
129 941.059000 113.585000 289
130 939.427000 114.254000 328
131 939.400000 113.758000 449
132 939.384000 113.922000 361
133 938.892000 114.197000 487
134 940.015000 115.031000 242
135 940.458000 113.438000 309
136 1480.591000 454.776000 15301
137 3819.330000 114.287000 433
138 1250.266000 114.588000 469
139 1013.030000 121.254000 1688
140 942.043000 124.007000 695
141 939.889000 120.958000 398
142 941.259000 114.778000 496
143 939.746000 114.414000 355
144 940.245000 114.929000 349
145 940.096000 113.569000 430
146 939.307000 118.748000 503
147 939.982000 119.441000 503
148 939.858000 116.322000 319
149 941.333000 116.052000 480
150 940.009000 114.861000 408
151 940.077000 114.857000 461
152 940.187000 114.204000 277
153 939.796000 114.049000 343
154 939.423000 114.014000 383
155 939.526000 113.561000 344
156 939.407000 115.626000 357
157 940.454000 114.773000 550
158 2793.925000 117.346000 498
159 1208.020000 138.895000 3722
160 976.959000 119.483000 723
161 1297.870000 110.510000 675
162 975.401000 116.147000 728
163 973.883000 118.257000 1273
164 950.425000 115.254000 301
165 940.602000 114.637000 444
166 939.837000 114.181000 533
167 940.729000 114.700000 519
168 940.125000 115.266000 474
169 940.324000 114.750000 278
170 940.316000 113.871000 390
171 939.417000 114.456000 373
172 939.679000 114.390000 408
173 940.173000 114.610000 385
174 939.904000 113.866000 489
175 939.864000 113.661000 203
176 941.984000 112.577000 624
177 940.622000 113.180000 629
178 940.508000 114.468000 458
179 939.847000 113.697000 388
180 941.328000 114.001000 395
181 940.641000 114.735000 536
182 939.620000 115.086000 329
183 939.243000 113.828000 449
184 939.021000 113.818000 405
185 940.057000 114.403000 387
186 939.622000 113.869000 308
187 939.836000 114.075000 355
188 939.761000 114.724000 353
189 940.102000 114.187000 412
190 939.898000 114.033000 265
191 1237.708000 148.370000 13943
192 2792.822000 110.471000 690
193 1159.525000 133.283000 1994
194 942.908000 117.006000 736
195 945.957000 116.868000 1134
196 941.172000 117.078000 1398
197 939.787000 116.982000 613
198 940.571000 113.570000 501
199 942.383000 113.114000 569
200 939.450000 114.333000 690
[FINAL]:
Server Throughput=776461.576622 Byte/s
AverageUPL=1417.597000
    AverageRTT=127.781000
    tcpi_retransmits=0
    tcpi_rto=316000
    tcpi_lost=0
    tcpi_retrans=0
    tcpi_snd_cwnd=186
    tcpi_snd_ssthresh=94
    tcpi_total_retrans=101
cca=BBR, bf1=173, bf2=173, c2s=1 bytes, s2c=1000000 bytes, d1=1msms, d2=50msms, bw1=100Mbps, bw2=10Mbps
1 468.521000 106.124000 238
2 745.468000 312.532000 608
3 940.631000 312.145000 813
4 941.463000 119.406000 357
5 941.035000 121.201000 301
6 939.696000 115.932000 383
7 940.060000 116.989000 538
8 939.681000 115.193000 302
9 938.785000 115.681000 596
10 940.380000 114.776000 513
11 940.481000 115.562000 381
12 940.318000 115.131000 248
13 939.704000 114.106000 455
14 940.552000 117.326000 274
15 941.678000 114.891000 585
16 939.537000 114.644000 423
17 940.028000 115.688000 398
18 940.354000 115.976000 458
19 939.727000 114.823000 376
20 939.974000 116.196000 338
21 941.054000 115.494000 577
22 940.139000 114.930000 333
23 1249.284000 107.254000 941
24 939.872000 116.500000 928
25 940.696000 114.913000 663
26 939.301000 114.103000 788
27 940.754000 113.641000 462
28 3679.730000 349.551000 5694
29 6171.071000 188.443000 1804
30 5673.210000 171.177000 11289
31 5874.283000 187.640000 390
32 2820.756000 118.113000 1584
33 1050.470000 114.653000 813
34 942.207000 115.842000 229
35 943.740000 116.883000 764
36 940.258000 115.890000 479
37 941.748000 115.169000 344
38 943.682000 115.911000 698
39 940.547000 114.979000 199
40 939.284000 115.956000 643
41 939.564000 114.901000 359
42 940.158000 118.438000 608
43 978.127000 119.563000 579
44 940.561000 114.829000 393
45 940.309000 115.210000 206
46 940.063000 118.468000 408
47 938.685000 118.104000 551
48 967.205000 126.829000 340
49 941.030000 114.610000 460
50 940.256000 113.900000 719
51 940.191000 114.975000 368
52 939.991000 114.842000 337
53 938.848000 114.569000 502
54 939.914000 114.497000 549
55 939.695000 113.807000 472
56 940.323000 114.387000 484
57 939.931000 115.237000 491
58 939.822000 114.457000 513
59 941.074000 114.025000 585
60 940.310000 115.401000 420
61 939.459000 116.185000 402
62 939.719000 115.425000 265
63 938.879000 113.681000 413
64 941.325000 116.084000 372
65 1144.933000 118.733000 372
66 940.424000 119.384000 534
67 939.252000 119.622000 384
68 940.955000 118.916000 485
69 939.769000 115.407000 413
70 941.189000 118.537000 426
71 940.012000 118.461000 450
72 939.950000 120.828000 445
73 939.984000 118.801000 315
74 938.889000 118.894000 402
75 3111.048000 117.443000 538
76 1084.924000 110.239000 1405
77 975.171000 113.319000 427
78 971.796000 113.376000 694
79 946.114000 117.191000 310
80 940.637000 116.202000 585
81 942.279000 115.527000 741
82 941.948000 118.199000 357
83 941.338000 116.896000 278
84 941.489000 118.748000 550
85 938.775000 119.114000 295
86 940.756000 117.964000 383
87 939.316000 118.149000 457
88 940.352000 114.199000 317
89 940.124000 120.250000 212
90 941.518000 119.262000 385
91 942.800000 112.218000 545
92 940.787000 114.926000 310
93 940.946000 115.409000 550
94 939.679000 115.134000 427
95 941.448000 114.218000 678
96 940.365000 113.739000 338
97 940.093000 116.002000 501
98 941.510000 115.333000 462
99 940.224000 121.092000 436
100 939.756000 120.092000 432
101 939.578000 116.639000 421
102 939.642000 116.549000 434
103 940.226000 115.095000 365
104 939.543000 116.196000 574
105 2148.273000 443.640000 4445
106 2027.764000 112.140000 999
107 959.801000 110.456000 376
108 942.212000 115.510000 648
109 940.193000 118.514000 492
110 941.161000 119.935000 372
111 940.256000 114.764000 376
112 939.684000 125.451000 591
113 939.441000 124.615000 512
114 937.918000 117.730000 547
115 940.036000 115.949000 335
116 939.756000 115.099000 383
117 939.337000 114.903000 425
118 939.444000 116.919000 269
119 940.377000 114.861000 404
120 939.926000 113.596000 254
121 939.979000 117.373000 463
122 1245.769000 107.457000 621
123 939.988000 119.150000 496
124 4632.670000 396.874000 3988
125 3537.123000 117.401000 461
126 1392.550000 109.613000 333
127 1281.004000 111.052000 539
128 955.611000 109.242000 655
129 954.388000 113.103000 579
130 947.523000 119.738000 460
131 940.601000 117.870000 428
132 940.816000 117.991000 467
133 940.723000 117.713000 572
134 940.696000 117.087000 253
135 940.042000 118.536000 366
136 940.377000 118.042000 467
137 938.820000 115.345000 433
138 939.667000 119.522000 461
139 939.172000 118.189000 424
140 939.881000 114.281000 347
141 940.570000 113.248000 398
142 939.978000 114.512000 412
143 939.572000 115.845000 402
144 939.402000 114.640000 417
145 940.027000 114.476000 489
146 3471.196000 307.592000 18973
147 1453.237000 108.577000 588
148 984.141000 118.161000 518
149 1260.414000 127.170000 1884
150 1314.706000 117.488000 359
151 940.799000 117.642000 636
152 939.488000 112.961000 248
153 940.471000 114.524000 338
154 939.383000 114.371000 633
155 939.194000 113.680000 511
156 940.297000 113.747000 501
157 960.406000 114.205000 352
158 942.646000 112.815000 474
159 939.692000 114.351000 517
160 939.612000 114.177000 475
161 940.503000 113.977000 408
162 940.232000 114.457000 496
163 940.551000 114.111000 384
164 939.727000 114.117000 337
165 940.739000 114.112000 319
166 939.481000 115.111000 334
167 940.008000 114.092000 477
168 939.805000 113.749000 457
169 940.585000 114.128000 221
170 939.726000 113.829000 394
171 939.439000 112.988000 383
172 940.800000 114.019000 463
173 939.840000 114.896000 252
174 1785.866000 113.999000 241
175 940.416000 113.997000 503
176 940.878000 113.943000 542
177 940.064000 113.766000 344
178 940.646000 113.583000 254
179 940.761000 113.911000 506
180 940.063000 114.132000 272
181 939.591000 113.500000 311
182 941.175000 114.311000 569
183 940.337000 114.217000 407
184 1142.818000 118.033000 234
185 940.491000 118.049000 352
186 940.274000 114.554000 495
187 939.828000 116.082000 375
188 940.330000 119.649000 264
189 940.241000 119.847000 424
190 940.542000 116.400000 488
191 940.217000 116.499000 410
192 940.331000 115.787000 431
193 939.981000 115.823000 458
194 939.405000 115.340000 320
195 940.247000 114.791000 351
196 940.495000 120.374000 532
197 1246.907000 107.511000 908
198 939.701000 114.243000 896
199 940.315000 114.814000 444
200 3181.851000 349.617000 11579
[FINAL]:
Server Throughput=880575.551225 Byte/s
AverageUPL=1111.524000
    AverageRTT=125.786000
    tcpi_retransmits=0
    tcpi_rto=616000
    tcpi_lost=0
    tcpi_retrans=0
    tcpi_snd_cwnd=190
    tcpi_snd_ssthresh=94
    tcpi_total_retrans=0
cca=BBR, bf1=346, bf2=346, c2s=1 bytes, s2c=1000000 bytes, d1=1msms, d2=50msms, bw1=100Mbps, bw2=10Mbps
1 2435.836000 191.389000 5623
2 5373.404000 189.050000 3772
3 5693.830000 189.353000 3701
4 5701.808000 186.791000 5181
5 5996.709000 187.461000 5033
6 5670.219000 189.345000 3622
7 5691.719000 189.431000 3625
8 5975.983000 188.200000 1150
9 1585.662000 116.852000 613
10 1081.140000 132.587000 3206
11 948.039000 116.475000 442
12 941.453000 120.085000 455
13 939.516000 117.759000 448
14 939.618000 115.591000 483
15 940.348000 117.802000 435
16 939.954000 116.933000 276
17 943.637000 115.677000 493
18 939.267000 120.817000 285
19 941.430000 121.697000 355
20 940.194000 114.462000 174
21 939.989000 113.962000 496
22 939.595000 116.581000 333
23 940.229000 115.044000 383
24 1246.454000 109.407000 1352
25 939.126000 114.132000 445
26 940.055000 115.015000 576
27 940.929000 114.702000 386
28 940.722000 114.184000 507
29 939.757000 114.076000 342
30 940.684000 115.119000 356
31 940.893000 119.401000 457
32 940.856000 119.808000 474
33 942.265000 123.764000 1003
34 939.626000 120.770000 559
35 940.911000 115.995000 450
36 939.909000 114.315000 346
37 940.582000 115.804000 289
38 2413.376000 444.353000 9054
39 5937.952000 186.631000 2300
40 5685.535000 188.330000 2136
41 5856.543000 187.740000 602
42 5690.322000 188.534000 1816
43 4948.810000 117.283000 478
44 1258.916000 111.707000 1111
45 957.698000 111.781000 2623
46 941.099000 119.362000 561
47 941.903000 118.921000 346
48 940.600000 118.795000 477
49 940.544000 119.300000 358
50 940.126000 120.230000 354
51 939.791000 119.525000 220
52 940.522000 114.812000 336
53 939.314000 114.832000 563
54 941.352000 114.639000 565
55 940.060000 113.977000 377
56 939.263000 115.176000 382
57 938.937000 121.120000 270
58 941.197000 120.955000 362
59 940.361000 114.294000 307
60 939.837000 116.120000 445
61 941.003000 114.869000 375
62 941.995000 114.591000 605
63 1058.464000 183.778000 51677
64 2913.331000 111.027000 1485
65 1032.779000 116.286000 893
66 942.990000 116.038000 405
67 939.765000 116.962000 295
68 940.012000 113.801000 543
69 940.063000 114.842000 364
70 939.610000 118.329000 490
71 940.852000 119.882000 575
72 938.726000 114.272000 263
73 940.035000 113.669000 304
74 941.088000 113.961000 343
75 939.153000 114.457000 303
76 939.974000 115.275000 417
77 940.628000 114.366000 494
78 939.704000 113.749000 378
79 940.687000 113.274000 335
80 940.011000 113.502000 260
81 939.138000 116.023000 368
82 1339.202000 423.227000 97480
83 4211.698000 114.370000 2562
84 1141.814000 115.490000 244
85 1039.735000 115.317000 461
86 1039.371000 115.199000 487
87 1339.907000 126.217000 3056
88 940.352000 122.325000 361
89 939.973000 123.227000 546
90 939.673000 118.564000 332
91 939.444000 114.906000 530
92 939.953000 121.694000 375
93 940.736000 122.036000 412
94 939.748000 116.197000 272
95 939.349000 115.519000 213
96 939.497000 113.720000 379
97 939.531000 114.662000 214
98 939.043000 114.709000 272
99 938.774000 115.354000 394
100 939.416000 114.638000 195
101 939.413000 114.297000 270
102 938.923000 114.334000 338
103 939.515000 115.214000 248
104 938.932000 114.817000 338
105 939.900000 113.235000 336
106 939.454000 116.233000 327
107 939.886000 115.807000 378
108 1241.964000 106.684000 834
109 938.925000 114.355000 252
110 939.407000 114.175000 307
111 938.917000 114.433000 384
112 939.452000 114.337000 292
113 939.383000 113.797000 336
114 938.948000 114.606000 354
115 939.444000 114.362000 305
116 939.490000 114.668000 434
117 1787.730000 114.426000 302
118 939.591000 115.464000 360
119 939.997000 115.027000 375
120 1245.607000 115.834000 3581
121 940.225000 116.253000 398
122 940.095000 114.727000 288
123 939.666000 114.758000 452
124 939.829000 115.911000 236
125 940.717000 114.910000 453
126 940.596000 115.181000 167
127 941.069000 114.681000 391
128 939.961000 116.189000 499
129 1806.311000 446.737000 8689
130 2176.238000 117.466000 479
131 1495.697000 117.377000 468
132 1720.335000 117.384000 485
133 1495.207000 117.383000 514
134 1500.179000 117.854000 1382
135 1496.203000 117.439000 578
136 1495.578000 117.395000 420
137 1495.836000 117.346000 481
138 4411.253000 117.339000 505
139 1530.547000 117.427000 526
140 1491.961000 117.361000 489
141 1495.481000 117.378000 457
142 1041.316000 114.894000 279
143 942.621000 116.116000 856
144 942.824000 116.785000 489
145 942.157000 115.899000 1143
146 944.387000 116.291000 303
147 943.105000 117.732000 832
148 942.907000 117.837000 693
149 940.435000 116.644000 410
150 939.802000 116.165000 599
151 939.762000 116.381000 329
152 939.942000 114.703000 343
153 940.183000 113.624000 314
154 939.533000 114.357000 477
155 940.728000 114.078000 350
156 939.899000 114.005000 360
157 940.234000 113.538000 445
158 939.734000 114.138000 410
159 939.477000 113.718000 289
160 944.036000 113.947000 257
161 940.334000 113.839000 266
162 940.683000 114.108000 343
163 940.024000 114.993000 599
164 940.385000 113.894000 342
165 940.455000 114.285000 433
166 940.188000 115.657000 452
167 940.655000 113.952000 495
168 3082.321000 188.399000 1781
169 2176.842000 117.381000 411
170 1491.388000 117.372000 456
171 1300.212000 111.525000 1857
172 945.396000 113.520000 567
173 942.040000 116.635000 404
174 941.496000 120.739000 613
175 940.840000 120.559000 456
176 939.791000 117.840000 302
177 939.798000 115.372000 444
178 940.264000 113.616000 412
179 940.155000 115.194000 420
180 940.230000 120.703000 207
181 939.855000 119.855000 382
182 939.912000 115.120000 384
183 940.578000 117.970000 411
184 939.573000 113.877000 389
185 941.056000 113.437000 310
186 940.225000 120.322000 478
187 940.145000 118.821000 236
188 940.278000 116.727000 355
189 940.141000 115.633000 426
190 939.756000 114.299000 502
191 939.720000 115.663000 225
192 939.698000 114.567000 444
193 938.725000 114.435000 494
194 1357.643000 427.546000 61186
195 5907.848000 188.329000 1401
196 6101.153000 188.170000 2191
197 5686.064000 188.409000 1995
198 5953.741000 193.733000 4945
199 5510.178000 111.970000 4546
200 1702.125000 141.105000 1550
[FINAL]:
Server Throughput=669048.277821 Byte/s
AverageUPL=1369.028000
    AverageRTT=125.950000
    tcpi_retransmits=0
    tcpi_rto=344000
    tcpi_lost=0
    tcpi_retrans=0
    tcpi_snd_cwnd=158
    tcpi_snd_ssthresh=30
    tcpi_total_retrans=0
cca=CUBIC, bf1=21, bf2=21, c2s=1 bytes, s2c=1000000 bytes, d1=1msms, d2=50msms, bw1=100Mbps, bw2=10Mbps
1 1718.232000 110.556000 680
2 2260.216000 109.791000 1133
3 2272.940000 108.299000 586
4 2183.867000 108.879000 524
5 1899.092000 109.899000 1782
6 2123.349000 109.123000 845
7 2100.435000 109.415000 573
8 2077.163000 108.877000 720
9 2070.704000 108.404000 596
10 2060.594000 107.693000 528
11 2056.381000 107.315000 798
12 2056.748000 107.377000 741
13 2058.930000 106.918000 658
14 2062.236000 107.100000 934
15 2063.391000 109.533000 4741
16 2086.218000 107.807000 887
17 2051.775000 107.185000 798
18 2064.577000 108.884000 1373
19 2054.440000 107.125000 834
20 3847.271000 117.249000 292
21 2181.173000 114.593000 158
22 2100.795000 108.060000 922
23 2082.831000 108.893000 557
24 2084.326000 108.653000 725
25 2076.221000 108.908000 980
26 2090.111000 109.274000 914
27 2079.160000 108.708000 1122
28 2077.873000 108.628000 571
29 2081.180000 107.880000 912
30 2076.365000 109.708000 1370
31 2077.508000 108.728000 607
32 2085.933000 109.379000 772
33 2074.953000 108.528000 515
34 2081.842000 108.885000 857
35 2080.429000 108.704000 557
36 4954.948000 315.472000 5358
37 5327.079000 328.135000 577
38 5357.998000 335.285000 5882
39 5608.188000 325.163000 12053
40 5247.345000 345.816000 3923
41 5173.644000 355.823000 6760
42 5326.984000 373.170000 2357
43 2740.615000 109.092000 1212
44 1968.697000 112.052000 7682
45 1890.960000 108.979000 916
46 1946.297000 109.528000 509
47 2117.163000 108.251000 888
48 2066.468000 107.314000 396
49 2036.363000 108.292000 2358
50 2052.525000 107.698000 1695
51 2043.474000 107.875000 562
52 2035.386000 108.258000 1696
53 4856.450000 329.547000 2974
54 5322.325000 342.671000 1777
55 5358.000000 331.181000 4926
56 4964.551000 128.227000 13305
57 2098.619000 119.173000 2479
58 2125.213000 121.125000 4000
59 2152.702000 110.922000 1210
60 2115.595000 110.272000 1157
61 2152.928000 109.647000 799
62 2147.447000 109.731000 1644
63 1993.688000 108.708000 1014
64 2051.481000 108.035000 930
65 2146.464000 110.119000 4290
66 2137.176000 109.298000 4196
67 2126.125000 109.268000 4022
68 2130.110000 108.799000 4027
69 2131.202000 109.291000 4147
70 2126.422000 109.534000 4281
71 2124.354000 108.300000 2646
72 2145.119000 108.691000 1940
73 2148.765000 109.786000 3316
74 2140.787000 109.556000 3594
75 2132.305000 109.599000 3790
76 2131.963000 109.602000 3380
77 2129.287000 108.925000 3768
78 2135.115000 108.848000 3655
79 2130.383000 109.239000 4197
80 2140.452000 109.117000 4304
81 2133.422000 109.305000 4262
82 2135.772000 109.459000 3828
83 2134.762000 109.374000 4115
84 2131.189000 109.197000 3353
85 2132.732000 109.423000 4437
86 2122.858000 108.621000 3126
87 3876.046000 302.344000 7135
88 5295.018000 384.436000 2263
89 5155.199000 377.385000 4419
90 5367.791000 396.783000 12763
91 5156.795000 404.071000 4189
92 5365.977000 389.586000 1843
93 5373.463000 417.738000 6320
94 2075.536000 114.042000 1172
95 1884.614000 115.808000 121
96 2112.246000 116.571000 1114
97 2073.419000 109.736000 1655
98 2093.874000 113.267000 7989
99 2121.457000 109.349000 678
100 1997.541000 109.542000 1694
101 1866.557000 107.427000 870
102 2051.034000 110.631000 8211
103 2072.140000 107.115000 743
104 1958.802000 106.845000 272
105 1850.552000 106.788000 598
106 2049.983000 110.399000 7555
107 2097.101000 108.430000 429
108 1974.837000 107.845000 617
109 1857.550000 107.571000 972
110 2056.230000 106.785000 430
111 2093.603000 107.397000 614
112 1809.994000 106.331000 473
113 1952.785000 107.145000 394
114 2177.259000 107.336000 359
115 2133.482000 106.949000 462
116 2065.247000 107.364000 450
117 2018.233000 107.319000 521
118 2203.973000 107.229000 609
119 2073.322000 107.223000 1222
120 2050.509000 106.889000 316
121 2046.699000 107.290000 678
122 2054.359000 108.129000 314
123 2057.507000 107.863000 502
124 2056.551000 107.695000 1070
125 2056.423000 107.331000 521
126 2061.916000 107.363000 470
127 2058.061000 107.659000 565
128 2060.229000 107.101000 504
129 2057.565000 107.506000 330
130 2049.641000 107.486000 429
131 2062.348000 107.566000 737
132 1858.020000 107.018000 533
133 2093.828000 107.053000 390
134 1871.194000 107.225000 682
135 2052.291000 106.734000 923
136 2074.279000 106.528000 422
137 1806.383000 106.496000 411
138 1950.153000 107.886000 2090
139 2169.317000 107.050000 652
140 3395.300000 265.817000 717
141 5044.469000 402.220000 17167
142 5360.029000 359.592000 616
143 3988.473000 118.341000 1943
144 1888.478000 111.745000 311
145 1970.384000 108.224000 669
146 2043.728000 108.343000 285
147 2200.790000 108.904000 380
148 1952.575000 107.434000 704
149 2058.016000 107.341000 598
150 2055.198000 108.509000 1060
151 2065.548000 107.890000 647
152 2053.997000 107.517000 778
153 2063.335000 107.869000 412
154 2050.177000 107.362000 547
155 2056.397000 107.278000 665
156 2058.613000 107.543000 383
157 2056.780000 107.554000 435
158 2058.097000 107.168000 556
159 2057.189000 107.395000 902
160 2060.986000 107.213000 464
161 2050.047000 107.159000 379
162 2054.065000 107.200000 740
163 2054.193000 107.159000 871
164 2061.484000 107.896000 1052
165 2062.791000 107.349000 574
166 2064.188000 107.157000 488
167 2053.688000 107.414000 647
168 2056.321000 107.949000 853
169 2056.537000 107.101000 409
170 2065.724000 108.137000 522
171 2062.563000 107.599000 505
172 2051.511000 107.139000 642
173 2058.670000 107.300000 640
174 2060.834000 107.964000 628
175 2057.013000 107.590000 464
176 2059.846000 107.175000 743
177 2048.574000 108.101000 1301
178 2056.665000 108.104000 1066
179 2056.249000 107.291000 397
180 2058.719000 107.343000 470
181 2064.564000 107.935000 362
182 2058.515000 107.087000 588
183 2059.032000 107.641000 748
184 2052.253000 107.389000 690
185 2058.020000 107.190000 778
186 2052.917000 107.215000 507
187 2057.726000 107.822000 920
188 2069.440000 107.818000 463
189 2052.129000 107.653000 935
190 2058.849000 107.838000 779
191 2052.748000 107.855000 509
192 2054.337000 107.285000 414
193 2056.040000 107.895000 635
194 2073.988000 108.376000 750
195 2054.875000 107.860000 467
196 2055.227000 107.647000 368
197 2061.797000 108.249000 1059
198 2060.850000 107.657000 506
199 2055.578000 107.030000 584
200 2647.334000 118.123000 4028
[FINAL]:
Server Throughput=415809.411461 Byte/s
AverageUPL=2143.544000
    AverageRTT=114.849000
    tcpi_retransmits=0
    tcpi_rto=344000
    tcpi_lost=0
    tcpi_retrans=0
    tcpi_snd_cwnd=41
    tcpi_snd_ssthresh=30
    tcpi_total_retrans=298
cca=CUBIC, bf1=43, bf2=43, c2s=1 bytes, s2c=1000000 bytes, d1=1msms, d2=50msms, bw1=100Mbps, bw2=10Mbps
1 514.800000 138.890000 9202
2 781.959000 137.042000 9383
3 956.140000 114.260000 861
4 1121.297000 106.650000 955
5 1039.217000 106.286000 549
6 1017.208000 106.466000 841
7 1004.032000 106.732000 545
8 962.867000 108.192000 1025
9 1137.763000 105.951000 579
10 1020.389000 107.480000 1274
11 953.160000 106.704000 475
12 1146.297000 107.568000 568
13 1017.402000 107.149000 719
14 951.925000 107.746000 584
15 1141.390000 106.849000 457
16 1018.069000 108.169000 598
17 954.116000 106.971000 550
18 1143.034000 106.765000 650
19 1018.000000 107.302000 934
20 954.697000 107.348000 668
21 1144.157000 107.768000 773
22 1020.007000 109.032000 1673
23 951.617000 107.148000 694
24 1143.922000 107.312000 633
25 1019.465000 107.674000 1056
26 950.900000 106.750000 235
27 1142.223000 106.882000 410
28 1019.906000 108.378000 822
29 951.939000 107.050000 472
30 1143.904000 107.314000 831
31 1018.866000 107.371000 1186
32 978.463000 107.176000 473
33 1143.554000 106.878000 802
34 1017.737000 106.471000 542
35 951.379000 106.823000 451
36 1144.126000 107.159000 813
37 1017.935000 107.672000 887
38 953.450000 106.867000 309
39 1143.528000 107.365000 771
40 1016.952000 107.034000 975
41 951.718000 106.733000 515
42 1145.278000 106.985000 421
43 1038.984000 108.206000 1096
44 951.315000 107.317000 590
45 1141.639000 107.459000 577
46 1017.386000 107.009000 1069
47 2641.079000 621.865000 9408
48 1440.769000 148.145000 688
49 1150.758000 110.981000 949
50 1247.617000 109.505000 1096
51 1143.502000 109.090000 1378
52 1130.884000 108.249000 843
53 1082.478000 108.022000 370
54 1028.733000 109.238000 891
55 977.537000 108.047000 797
56 1168.284000 107.944000 351
57 1033.059000 109.759000 272
58 974.980000 108.435000 1182
59 1169.933000 107.656000 541
60 1027.296000 109.107000 548
61 963.390000 107.402000 1441
62 1155.098000 106.348000 638
63 1023.433000 107.478000 525
64 963.711000 107.410000 429
65 1153.987000 106.535000 425
66 1025.512000 108.552000 178
67 968.591000 108.157000 1142
68 1158.043000 106.411000 687
69 1025.429000 108.548000 449
70 965.914000 108.252000 1723
71 1160.385000 107.513000 545
72 1022.084000 106.872000 686
73 965.282000 108.277000 1013
74 1157.180000 106.546000 426
75 1021.971000 107.861000 462
76 965.172000 107.858000 1410
77 1155.139000 106.430000 343
78 1023.567000 107.333000 379
79 961.898000 107.308000 1237
80 1156.205000 106.532000 494
81 1023.606000 107.602000 887
82 962.075000 107.365000 941
83 1158.529000 106.360000 384
84 1022.037000 108.266000 530
85 964.932000 107.326000 603
86 1156.221000 106.488000 227
87 1022.681000 108.441000 519
88 962.544000 107.312000 811
89 1159.188000 107.209000 433
90 1316.352000 314.418000 95070
91 3344.134000 168.030000 498
92 1432.964000 144.685000 555
93 1432.704000 164.128000 181
94 1324.561000 110.371000 1612
95 1164.914000 109.901000 1037
96 1132.701000 107.668000 804
97 1080.119000 107.816000 421
98 1019.109000 107.301000 901
99 968.461000 108.327000 1594
100 1152.131000 106.350000 579
101 1019.676000 106.574000 474
102 964.105000 106.802000 811
103 1154.526000 106.984000 452
104 1025.227000 108.867000 483
105 965.710000 107.370000 1196
106 1157.991000 106.741000 412
107 1022.822000 108.084000 848
108 963.216000 107.311000 1060
109 1156.172000 106.782000 745
110 1024.627000 109.105000 751
111 965.910000 107.528000 933
112 1158.937000 107.362000 687
113 1023.703000 108.403000 460
114 963.443000 107.289000 1342
115 1158.085000 106.626000 461
116 1026.013000 108.794000 701
117 962.019000 106.979000 672
118 1157.102000 106.748000 707
119 1023.521000 107.919000 373
120 963.741000 107.175000 975
121 1158.524000 107.518000 584
122 1023.963000 109.253000 525
123 963.013000 107.675000 1275
124 1155.985000 106.569000 383
125 1025.889000 108.451000 366
126 968.114000 107.516000 898
127 1160.640000 107.123000 593
128 1023.302000 108.598000 314
129 964.518000 107.600000 1738
130 1158.180000 107.328000 1148
131 5082.667000 656.629000 1272
132 5333.785000 648.812000 5155
133 4237.182000 230.030000 31298
134 5357.224000 641.751000 3054
135 5344.179000 656.796000 1433
136 1969.300000 111.129000 891
137 1020.019000 107.893000 603
138 946.112000 106.707000 515
139 1143.452000 107.019000 1003
140 1016.640000 107.196000 1116
141 951.877000 107.106000 564
142 1143.529000 107.289000 767
143 1018.809000 108.260000 803
144 953.467000 107.767000 337
145 1141.299000 106.890000 614
146 1018.389000 106.984000 934
147 953.074000 107.398000 802
148 1147.148000 108.993000 1259
149 1018.894000 107.609000 945
150 952.634000 106.724000 344
151 1141.930000 107.183000 817
152 1015.072000 107.213000 1177
153 955.995000 108.387000 612
154 1143.170000 106.869000 444
155 1019.462000 107.374000 1050
156 951.395000 106.835000 524
157 1141.134000 107.197000 583
158 1018.824000 107.094000 1059
159 954.401000 107.178000 595
160 1147.107000 107.285000 449
161 1016.937000 107.453000 1144
162 950.187000 106.994000 369
163 1146.764000 107.175000 979
164 1014.371000 106.656000 616
165 950.702000 106.485000 275
166 1144.822000 107.041000 718
167 1015.641000 107.090000 661
168 952.379000 106.407000 457
169 1143.569000 107.093000 408
170 1017.480000 107.002000 1116
171 951.955000 106.852000 677
172 1141.110000 106.543000 418
173 1018.676000 107.592000 1254
174 952.285000 107.001000 485
175 1140.518000 106.869000 555
176 1017.087000 106.945000 1133
177 954.164000 107.273000 373
178 1142.591000 107.112000 604
179 1018.489000 107.066000 954
180 951.836000 107.266000 474
181 1143.089000 107.399000 1208
182 1017.374000 107.272000 952
183 5272.681000 666.563000 11513
184 4987.878000 701.746000 1623
185 4493.647000 693.646000 6248
186 5388.746000 581.543000 5691
187 5310.351000 526.220000 55987
188 5295.235000 625.093000 7324
189 5332.842000 527.691000 5981
190 5440.915000 481.030000 67570
191 5326.791000 638.443000 3699
192 5311.244000 561.231000 2480
193 5486.090000 484.202000 72335
194 4973.748000 604.667000 7424
195 5393.516000 687.381000 356
196 5373.839000 719.101000 1515
197 5358.046000 733.203000 1310
198 4958.333000 708.186000 9153
199 5358.334000 719.261000 1359
200 5292.611000 703.500000 1567
[FINAL]:
Server Throughput=643412.366827 Byte/s
AverageUPL=2008.537000
    AverageRTT=224.659000
    tcpi_retransmits=0
    tcpi_rto=952000
    tcpi_lost=0
    tcpi_retrans=0
    tcpi_snd_cwnd=96
    tcpi_snd_ssthresh=67
    tcpi_total_retrans=206
cca=CUBIC, bf1=86, bf2=86, c2s=1 bytes, s2c=1000000 bytes, d1=1msms, d2=50msms, bw1=100Mbps, bw2=10Mbps
1 550.137000 146.090000 10378
2 761.377000 179.404000 1517
3 958.676000 213.137000 2528
4 966.422000 168.165000 1125
5 961.346000 175.530000 1555
6 944.237000 178.988000 858
7 942.043000 182.928000 809
8 946.334000 183.392000 1830
9 941.586000 182.877000 611
10 944.102000 182.705000 385
11 941.043000 185.049000 645
12 939.942000 189.988000 684
13 940.685000 198.246000 422
14 939.436000 210.482000 573
15 939.772000 165.931000 578
16 941.888000 186.186000 978
17 940.465000 200.268000 1235
18 941.044000 208.608000 481
19 952.733000 107.114000 657
20 940.107000 116.696000 773
21 939.850000 120.901000 425
22 942.155000 121.945000 1263
23 939.915000 122.055000 916
24 940.949000 123.986000 773
25 943.139000 130.233000 2269
26 4025.606000 775.058000 38588
27 2971.734000 239.721000 28418
28 1044.838000 154.016000 1118
29 972.988000 163.648000 751
30 969.042000 168.827000 835
31 972.742000 171.530000 286
32 968.238000 171.929000 795
33 972.748000 171.906000 677
34 966.126000 172.225000 1448
35 967.691000 179.951000 818
36 972.963000 186.633000 1499
37 971.830000 201.473000 1557
38 970.727000 221.328000 662
39 3106.753000 1090.179000 15760
40 5403.900000 1336.476000 8445
41 5388.011000 1215.702000 4756
42 5417.497000 1341.775000 2239
43 2254.768000 265.005000 1275
44 953.213000 196.397000 875
45 951.575000 210.421000 237
46 953.220000 157.561000 1119
47 954.120000 169.990000 211
48 955.307000 176.064000 1281
49 943.325000 178.214000 673
50 940.128000 178.310000 1043
51 940.861000 178.098000 790
52 940.267000 178.299000 466
53 940.420000 180.326000 980
54 942.114000 185.462000 769
55 941.213000 195.098000 1223
56 941.050000 208.341000 438
57 939.712000 163.505000 549
58 940.004000 183.831000 892
59 941.615000 197.313000 709
60 939.337000 206.103000 632
61 939.867000 211.449000 412
62 939.337000 163.188000 646
63 939.781000 183.307000 830
64 942.734000 196.969000 912
65 944.274000 209.905000 795
66 940.200000 210.659000 465
67 941.007000 156.330000 610
68 940.565000 169.138000 839
69 940.518000 175.197000 1062
70 940.316000 178.775000 797
71 942.380000 179.189000 1627
72 940.770000 179.124000 1381
73 940.652000 178.805000 909
74 941.422000 181.390000 1242
75 1994.224000 1111.600000 81508
76 5397.496000 576.922000 174385
77 1493.444000 286.934000 7645
78 960.538000 178.839000 1129
79 952.500000 189.232000 878
80 942.089000 195.711000 761
81 941.722000 199.219000 1003
82 940.412000 200.750000 439
83 939.723000 201.025000 290
84 940.549000 201.010000 399
85 940.915000 201.224000 300
86 940.857000 205.737000 331
87 940.005000 212.143000 1585
88 940.302000 164.180000 1165
89 939.702000 184.912000 914
90 940.861000 199.332000 1110
91 942.148000 208.497000 350
92 953.441000 107.034000 344
93 940.418000 116.892000 495
94 940.459000 121.116000 1142
95 942.199000 121.712000 1038
96 942.016000 122.328000 1201
97 941.636000 124.545000 1234
98 941.056000 128.892000 801
99 940.538000 133.213000 308
100 941.515000 140.130000 827
101 942.597000 154.467000 1083
102 939.348000 175.855000 713
103 2794.770000 233.661000 34136
104 1436.938000 354.147000 1656
105 1287.915000 180.509000 1003
106 949.549000 192.013000 2283
107 944.744000 196.523000 523
108 940.230000 200.643000 473
109 944.757000 201.560000 1139
110 941.012000 201.620000 935
111 941.236000 202.009000 1308
112 940.912000 203.988000 725
113 942.314000 208.446000 329
114 941.227000 161.253000 818
115 940.121000 180.753000 984
116 942.091000 195.035000 965
117 941.140000 203.571000 477
118 941.861000 208.503000 264
119 941.298000 160.672000 737
120 939.075000 179.439000 732
121 938.673000 194.464000 782
122 942.073000 203.601000 437
123 941.982000 208.804000 394
124 942.365000 160.793000 830
125 939.528000 179.939000 812
126 941.250000 193.723000 1235
127 940.310000 203.377000 607
128 941.334000 208.476000 311
129 943.830000 161.368000 1321
130 938.623000 179.691000 863
131 940.228000 194.346000 792
132 941.321000 203.276000 282
133 942.027000 208.464000 877
134 940.660000 160.396000 937
135 940.316000 179.857000 758
136 943.049000 194.621000 974
137 941.150000 203.535000 542
138 941.390000 208.516000 358
139 941.196000 161.152000 924
140 940.687000 180.011000 732
141 940.085000 194.917000 985
142 942.114000 203.358000 725
143 941.065000 208.335000 428
144 941.644000 161.113000 1248
145 941.051000 180.833000 1529
146 941.423000 194.556000 725
147 942.049000 202.990000 412
148 939.823000 208.357000 524
149 950.859000 108.941000 503
150 941.015000 117.181000 1232
151 940.398000 122.965000 1226
152 939.334000 123.869000 833
153 942.223000 123.502000 584
154 939.730000 125.674000 1212
155 939.988000 129.139000 1362
156 941.273000 133.017000 612
157 939.614000 139.977000 833
158 940.303000 156.566000 819
159 941.073000 177.434000 1354
160 940.723000 203.921000 674
161 949.255000 109.216000 884
162 942.275000 117.246000 1332
163 939.681000 121.913000 876
164 939.832000 123.573000 908
165 939.646000 123.746000 529
166 2829.074000 206.867000 1444
167 1089.957000 148.105000 1367
168 971.642000 166.811000 153
169 964.756000 192.648000 1964
170 949.018000 220.432000 1043
171 939.798000 174.731000 1023
172 942.410000 197.304000 1007
173 941.233000 211.964000 1301
174 950.911000 108.819000 715
175 940.393000 117.112000 713
176 939.468000 121.803000 646
177 940.481000 123.767000 1071
178 940.647000 123.830000 1000
179 939.815000 125.689000 840
180 941.333000 129.137000 1354
181 944.275000 133.168000 448
182 940.462000 141.096000 678
183 939.953000 156.325000 710
184 940.467000 177.265000 1082
185 940.578000 204.161000 895
186 953.807000 106.611000 717
187 940.796000 116.395000 518
188 940.204000 121.269000 636
189 941.090000 121.408000 685
190 941.354000 121.999000 812
191 2540.804000 781.472000 3997
192 1468.557000 213.885000 1290
193 1145.351000 155.453000 1018
194 946.402000 176.593000 766
195 945.542000 203.687000 1901
196 939.238000 163.223000 937
197 941.750000 183.578000 1295
198 939.740000 196.985000 811
199 942.673000 206.533000 1225
200 941.266000 210.904000 661
[FINAL]:
Server Throughput=895043.650585 Byte/s
AverageUPL=1012.868000
    AverageRTT=178.564000
    tcpi_retransmits=0
    tcpi_rto=412000
    tcpi_lost=0
    tcpi_retrans=0
    tcpi_snd_cwnd=176
    tcpi_snd_ssthresh=123
    tcpi_total_retrans=215
cca=CUBIC, bf1=173, bf2=173, c2s=1 bytes, s2c=1000000 bytes, d1=1msms, d2=50msms, bw1=100Mbps, bw2=10Mbps
1 597.065000 132.167000 8262
2 605.916000 391.040000 1840
3 940.187000 431.359000 1588
4 938.563000 318.340000 796
5 944.331000 348.391000 1142
6 939.933000 373.989000 786
7 939.583000 395.405000 1035
8 940.373000 412.708000 543
9 937.779000 425.197000 738
10 940.882000 303.301000 1091
11 939.159000 322.365000 476
12 941.424000 338.289000 1559
13 940.685000 349.620000 1230
14 937.760000 357.708000 703
15 941.095000 362.662000 1292
16 956.855000 383.920000 4722
17 5300.274000 2298.566000 4385
18 5394.466000 2376.265000 4643
19 5128.052000 1836.032000 31988
20 5201.975000 2418.299000 5666
21 4928.292000 1740.906000 23620
22 3567.972000 2102.765000 8696
23 5389.451000 2220.488000 4425
24 5405.462000 2285.712000 5514
25 5189.185000 2557.925000 12981
26 5310.160000 2151.891000 8890
27 5529.371000 1508.341000 278065
28 5420.871000 2297.637000 10421
29 5367.543000 2503.255000 8440
30 5204.630000 2330.254000 999
31 5248.854000 1873.065000 20555
32 5233.949000 2369.484000 16094
33 4968.599000 1535.823000 22537
34 5404.932000 2168.997000 5101
35 5097.337000 1976.485000 9438
36 5377.121000 2391.344000 4010
37 5262.394000 1907.772000 25205
38 5419.547000 2529.301000 16218
39 5232.246000 1786.636000 21440
40 5365.368000 2160.595000 3300
41 5394.159000 2268.923000 2127
42 5418.435000 2438.026000 4701
43 5248.215000 1875.755000 15775
44 5105.315000 2170.025000 22872
45 4927.763000 1785.965000 12424
46 5370.264000 2188.136000 6790
47 5435.020000 2280.418000 629
48 5381.434000 2401.266000 11901
49 5248.570000 1887.492000 25809
50 5405.114000 2504.721000 11042
51 5187.963000 1794.137000 19999
52 5356.727000 2188.197000 7362
53 5390.849000 2312.186000 624
54 5435.956000 2480.254000 5273
55 5232.621000 1886.271000 9147
56 3905.841000 1844.285000 107032
57 5248.079000 1768.149000 18108
58 1636.337000 530.862000 2122
59 1181.572000 353.465000 1411
60 946.432000 358.837000 520
61 944.957000 358.962000 914
62 941.636000 360.155000 828
63 940.690000 359.621000 547
64 942.186000 360.208000 1159
65 939.623000 360.386000 899
66 939.648000 361.912000 316
67 941.903000 365.208000 453
68 940.891000 367.072000 498
69 939.387000 374.520000 344
70 941.174000 383.956000 366
71 940.440000 396.070000 591
72 941.354000 411.603000 1110
73 940.538000 298.477000 978
74 941.599000 327.164000 607
75 939.751000 353.763000 959
76 940.925000 374.447000 945
77 940.551000 389.369000 789
78 941.611000 401.651000 1266
79 941.644000 410.255000 481
80 938.217000 415.308000 414
81 939.761000 420.462000 642
82 939.747000 296.291000 670
83 1193.669000 484.700000 89322
84 1469.695000 338.241000 1195
85 939.378000 349.296000 953
86 943.022000 354.338000 1437
87 939.807000 356.811000 841
88 940.849000 358.126000 782
89 941.564000 357.726000 1083
90 942.340000 358.153000 1248
91 940.875000 358.246000 897
92 940.551000 359.330000 503
93 940.690000 362.125000 552
94 940.340000 365.058000 293
95 940.182000 371.517000 623
96 939.570000 379.850000 1100
97 942.340000 391.973000 1471
98 938.078000 407.538000 764
99 3723.312000 293.734000 224995
100 1408.521000 594.868000 4559
101 956.581000 305.535000 1015
102 943.230000 320.354000 766
103 943.098000 335.946000 1452
104 941.576000 346.849000 1374
105 943.652000 355.070000 1114
106 944.693000 361.472000 1050
107 942.075000 362.953000 656
108 942.179000 365.076000 595
109 941.494000 364.800000 411
110 938.754000 364.552000 578
111 941.592000 364.422000 354
112 938.835000 365.206000 627
113 939.145000 367.007000 566
114 941.699000 372.172000 676
115 940.295000 377.118000 1049
116 941.099000 386.198000 446
117 940.966000 396.799000 884
118 941.234000 411.888000 1165
119 938.876000 429.445000 365
120 940.141000 310.817000 678
121 940.558000 340.811000 1585
122 939.345000 366.463000 613
123 941.021000 387.676000 1266
124 941.353000 404.064000 1178
125 940.304000 417.473000 1370
126 939.259000 296.672000 930
127 942.332000 315.356000 585
128 939.404000 331.834000 703
129 939.178000 342.548000 1120
130 941.095000 351.171000 880
131 939.706000 356.045000 602
132 940.648000 358.172000 987
133 939.073000 359.401000 572
134 941.337000 359.378000 542
135 939.731000 359.467000 585
136 939.806000 359.334000 536
137 940.054000 360.390000 684
138 940.262000 362.499000 574
139 940.292000 367.101000 556
140 940.865000 374.254000 454
141 940.529000 381.875000 472
142 1782.599000 410.703000 14845
143 939.678000 300.588000 1223
144 939.401000 329.385000 747
145 941.226000 355.558000 1911
146 942.101000 376.208000 1428
147 940.035000 392.215000 611
148 941.594000 403.930000 1381
149 940.531000 412.717000 1085
150 942.248000 419.498000 978
151 940.303000 423.966000 744
152 940.803000 297.050000 627
153 941.046000 315.271000 962
154 941.107000 331.886000 1107
155 940.561000 344.032000 1054
156 940.700000 351.240000 611
157 940.217000 356.433000 691
158 941.737000 359.453000 692
159 940.865000 360.435000 1255
160 941.973000 360.197000 775
161 939.905000 360.574000 712
162 942.436000 360.720000 1242
163 939.130000 362.449000 358
164 941.601000 364.419000 390
165 940.153000 367.030000 838
166 940.218000 374.147000 766
167 939.603000 383.237000 829
168 940.221000 394.755000 796
169 939.858000 409.556000 1662
170 941.027000 296.455000 1329
171 941.575000 324.399000 976
172 938.466000 350.893000 854
173 1199.608000 376.797000 1024
174 941.468000 392.140000 1208
175 942.049000 403.678000 1150
176 939.487000 410.427000 461
177 941.172000 416.493000 988
178 938.584000 420.244000 445
179 939.245000 296.325000 1052
180 940.675000 324.715000 307
181 2931.945000 2152.176000 38931
182 5367.766000 2472.791000 7068
183 5391.172000 2601.865000 4418
184 5214.769000 1763.145000 24115
185 5419.121000 2369.313000 7353
186 5435.742000 2629.205000 7166
187 3390.202000 439.338000 5200
188 1443.774000 533.530000 6704
189 1436.848000 585.144000 843
190 1440.906000 620.831000 458
191 1448.202000 646.818000 1659
192 1147.517000 420.537000 946
193 944.486000 296.883000 970
194 942.857000 314.896000 734
195 941.189000 329.782000 513
196 938.634000 340.220000 700
197 941.237000 349.387000 1492
198 943.167000 354.051000 365
199 941.721000 357.197000 1138
200 939.825000 358.036000 1069
[FINAL]:
Server Throughput=503234.410851 Byte/s
AverageUPL=1239.736000
    AverageRTT=490.410000
    tcpi_retransmits=0
    tcpi_rto=560000
    tcpi_lost=0
    tcpi_retrans=0
    tcpi_snd_cwnd=296
    tcpi_snd_ssthresh=244
    tcpi_total_retrans=37
cca=CUBIC, bf1=346, bf2=346, c2s=1 bytes, s2c=1000000 bytes, d1=1msms, d2=50msms, bw1=100Mbps, bw2=10Mbps
1 495.721000 133.421000 8768
2 688.828000 405.928000 5512
3 940.516000 448.269000 1416
4 940.201000 487.625000 934
5 1069.374000 202.986000 65585
6 809.890000 567.603000 1571
7 941.241000 606.721000 912
8 939.754000 647.058000 831
9 943.430000 688.715000 1201
10 939.089000 727.641000 854
11 5466.434000 4899.431000 9495
12 5481.860000 5148.968000 18625
13 5443.945000 5332.711000 124950
14 5468.874000 5364.503000 118798
15 5421.485000 5310.338000 124900
16 5482.561000 5371.708000 124348
17 5376.129000 5264.849000 124925
18 5483.838000 5371.917000 125109
19 5388.603000 5277.002000 124720
20 5027.742000 4916.692000 124895
21 4832.839000 4721.579000 124889
22 5342.400000 5231.488000 124780
23 5468.266000 5356.682000 125108
24 5452.511000 5340.963000 124265
25 5466.911000 5356.106000 124880
26 5512.679000 5401.811000 124466
27 3610.385000 3580.979000 31242
28 1166.769000 1144.546000 22763
29 1094.271000 1072.037000 22762
30 1093.988000 1071.731000 22786
31 1091.863000 1069.735000 22859
32 1064.376000 1044.485000 19714
33 942.041000 922.314000 19502
34 941.691000 921.679000 19353
35 939.466000 921.277000 19153
36 941.148000 922.623000 19397
37 942.547000 921.962000 19646
38 939.837000 921.184000 19466
39 941.118000 921.967000 19360
40 940.303000 921.626000 19365
41 939.158000 922.035000 19201
42 940.036000 922.206000 19230
43 942.701000 925.018000 19254
44 942.329000 922.943000 19470
45 939.717000 921.316000 19461
46 941.540000 922.722000 19597
47 941.143000 922.556000 19379
48 941.116000 922.605000 19504
49 941.494000 922.241000 19382
50 939.934000 920.988000 19273
51 939.144000 921.144000 19282
52 942.398000 922.958000 19769
53 941.205000 922.406000 19354
54 940.892000 922.531000 19394
55 940.690000 921.929000 19490
56 941.080000 922.676000 19302
57 942.226000 923.610000 19417
58 940.259000 922.159000 19419
59 940.831000 922.440000 19667
60 943.184000 922.725000 19667
61 3369.192000 3257.692000 124905
62 2185.917000 2165.803000 20892
63 973.712000 953.422000 20318
64 972.369000 952.792000 20017
65 940.928000 923.097000 19370
66 944.094000 924.278000 19450
67 942.758000 923.467000 19320
68 940.727000 921.929000 19426
69 940.678000 922.368000 19477
70 942.972000 922.805000 19723
71 939.377000 921.543000 19377
72 940.364000 922.089000 19223
73 942.022000 922.190000 19480
74 938.301000 921.363000 19297
75 940.529000 922.612000 19392
76 943.132000 922.580000 19747
77 941.033000 921.394000 19330
78 940.117000 921.225000 19443
79 940.437000 922.279000 19260
80 942.403000 922.114000 19519
81 938.326000 920.656000 19267
82 942.823000 922.395000 19591
83 939.853000 921.672000 19433
84 3681.311000 3654.508000 29170
85 1456.583000 1426.983000 31183
86 1448.222000 1420.081000 30972
87 1465.667000 1435.896000 31265
88 1448.380000 1418.885000 31158
89 1460.863000 1431.221000 31212
90 1456.260000 1426.586000 31172
91 1460.117000 1430.585000 31206
92 3695.459000 3665.931000 31080
93 1449.037000 1419.424000 31262
94 1315.934000 1297.169000 19659
95 945.469000 924.955000 19400
96 941.517000 922.968000 19267
97 941.904000 922.063000 19457
98 939.797000 920.827000 19285
99 941.439000 922.286000 19521
100 940.373000 922.262000 19312
101 941.974000 922.645000 19485
102 940.899000 922.150000 19507
103 941.223000 922.629000 19431
104 941.006000 922.379000 19312
105 941.539000 922.397000 19120
106 939.239000 921.210000 19396
107 942.417000 922.513000 19341
108 940.402000 921.715000 19562
109 942.628000 922.716000 19890
110 938.885000 921.187000 19336
111 943.084000 922.316000 19568
112 940.338000 921.387000 19521
113 940.744000 922.305000 19257
114 940.826000 922.554000 19487
115 942.218000 922.242000 19661
116 939.103000 921.087000 19204
117 939.938000 922.394000 19219
118 942.199000 922.497000 19468
119 939.156000 921.298000 19446
120 942.693000 922.498000 19618
121 938.774000 921.187000 19446
122 942.578000 922.462000 19467
123 942.798000 922.117000 19856
124 939.524000 921.554000 19546
125 942.441000 922.538000 19597
126 940.767000 921.808000 19528
127 941.401000 922.696000 19442
128 939.669000 921.812000 19157
129 941.213000 922.760000 19460
130 941.116000 921.831000 19340
131 939.510000 920.960000 19459
132 940.629000 922.151000 19459
133 942.130000 922.213000 19575
134 939.925000 921.574000 19414
135 939.422000 921.996000 18988
136 941.471000 922.781000 19279
137 941.142000 922.624000 19388
138 941.231000 921.847000 19308
139 939.467000 921.052000 19492
140 942.121000 922.540000 19369
141 941.098000 921.021000 19609
142 940.624000 922.309000 19543
143 940.494000 922.493000 19546
144 939.357000 922.074000 19280
145 940.546000 922.155000 19397
146 940.592000 922.092000 19184
147 940.841000 922.530000 19290
148 940.378000 922.187000 19487
149 940.354000 922.476000 19485
150 943.900000 923.449000 19688
151 939.188000 921.243000 19298
152 940.536000 922.342000 19199
153 942.312000 922.056000 19641
154 941.933000 921.273000 19825
155 943.927000 922.196000 21880
156 940.215000 922.629000 19496
157 940.760000 922.277000 19251
158 940.392000 922.456000 19471
159 941.245000 922.765000 19533
160 940.571000 922.064000 19368
161 939.496000 922.330000 19386
162 940.183000 922.332000 19043
163 940.230000 922.300000 19365
164 940.674000 922.321000 19574
165 940.088000 922.200000 19258
166 941.103000 922.511000 19623
167 942.068000 922.727000 19450
168 939.700000 921.485000 19492
169 940.631000 922.372000 19415
170 942.550000 922.407000 19539
171 940.965000 922.941000 19402
172 942.436000 922.369000 19627
173 3951.825000 3840.832000 124814
174 5469.251000 5365.578000 116462
175 5481.456000 5370.383000 124920
176 5405.828000 5297.544000 118943
177 5452.162000 5340.159000 124908
178 5496.981000 5386.617000 123295
179 5452.875000 5342.111000 124969
180 5391.181000 5280.240000 124956
181 5670.950000 5474.546000 244258
182 5302.596000 5191.095000 124900
183 5528.113000 5416.919000 124964
184 5131.945000 5020.978000 125011
185 5483.350000 5372.111000 124994
186 2241.967000 2212.762000 31236
187 1461.146000 1431.535000 31188
188 1080.069000 1059.100000 19792
189 945.356000 924.084000 19255
190 943.026000 921.794000 19803
191 939.298000 921.168000 19291
192 942.301000 922.836000 19621
193 940.941000 922.303000 19480
194 942.812000 922.541000 19432
195 942.115000 924.040000 19275
196 939.966000 922.120000 19125
197 941.860000 922.307000 19357
198 939.427000 921.321000 19355
199 940.587000 922.433000 19240
200 941.044000 922.200000 19433
[FINAL]:
Server Throughput=597514.052940 Byte/s
AverageUPL=1530.476000
    AverageRTT=1498.666000
    tcpi_retransmits=0
    tcpi_rto=1576000
    tcpi_lost=0
    tcpi_retrans=0
    tcpi_snd_cwnd=700
    tcpi_snd_ssthresh=337
    tcpi_total_retrans=0
