101 219.668000 219.992000 1325
102 221.021000 220.114000 1237
103 220.528000 220.156000 1012
104 218.616000 219.952000 1031
105 220.493000 220.009000 888
106 220.233000 220.026000 700
107 220.055000 220.021000 535
108 220.090000 220.017000 409
109 219.851000 219.982000 376
110 218.944000 219.842000 399
111 219.179000 219.749000 410
112 222.224000 220.048000 906
113 219.849000 220.012000 752
114 221.653000 220.208000 955
115 219.719000 220.138000 856
116 218.647000 219.943000 878
117 222.419000 220.243000 1257
118 219.124000 220.094000 1241
119 219.165000 219.969000 1180
120 219.248000 219.869000 1085
121 219.765000 219.849000 854
122 219.756000 219.830000 679
123 222.820000 220.194000 1238
124 220.031000 220.165000 988
125 220.947000 220.252000 915
126 220.418000 220.263000 710
127 219.901000 220.209000 642
128 216.229000 219.697000 750
129 221.865000 219.958000 1083
130 222.508000 220.266000 1428
131 221.551000 220.414000 1368
132 219.132000 220.243000 1368
133 220.030000 220.208000 1097
134 217.856000 219.904000 1139
135 220.811000 220.007000 1060
136 219.598000 219.943000 924
137 220.741000 220.033000 873
138 217.451000 219.690000 931
139 218.663000 219.552000 937
140 220.843000 219.707000 1014
141 219.438000 219.664000 846
142 222.299000 219.981000 1268
143 221.703000 220.183000 1355
144 219.745000 220.114000 1154
145 221.090000 220.227000 1091
146 219.992000 220.188000 897
147 218.985000 220.026000 910
148 219.867000 219.997000 742
149 221.867000 220.220000 1003
150 221.169000 220.329000 971
151 220.592000 220.352000 774
152 218.859000 220.155000 799
153 217.647000 219.829000 856
154 216.239000 219.370000 943
155 216.869000 219.044000 995
156 220.393000 219.199000 1057
157 220.213000 219.311000 1018
158 218.413000 219.185000 1016
159 222.312000 219.566000 1524
160 218.654000 219.443000 1388
161 220.126000 219.520000 1195
162 217.410000 219.247000 1226
163 221.963000 219.578000 1582
164 218.311000 219.413000 1517
165 221.603000 219.675000 1663
166 219.326000 219.621000 1355
167 223.283000 220.069000 1912
168 217.497000 219.739000 1935
169 219.836000 219.742000 1457
170 222.738000 220.105000 1819
171 219.158000 219.977000 1621
172 221.648000 220.176000 1614
173 218.351000 219.936000 1624
174 221.528000 220.116000 1577
175 219.315000 220.003000 1409
176 219.954000 219.986000 1090
177 219.058000 219.860000 1069
178 218.031000 219.623000 1095
179 221.184000 219.810000 1195
180 222.796000 220.173000 1622
181 221.006000 220.267000 1405
182 220.754000 220.317000 1153
183 219.605000 220.221000 1055
184 222.949000 220.553000 1454
185 219.463000 220.404000 1389
186 217.058000 219.975000 1453
187 220.246000 219.999000 1137
188 222.991000 220.361000 1576
189 219.010000 220.182000 1539
190 219.953000 220.143000 1232
191 217.359000 219.781000 1284
192 218.853000 219.652000 1222
193 217.883000 219.419000 1242
194 221.848000 219.712000 1517
195 220.629000 219.817000 1347
196 222.256000 220.112000 1600
197 220.408000 220.137000 1250
198 221.759000 220.331000 1326
199 221.466000 220.463000 1258
200 218.769000 220.241000 1274
[FINAL]:
Client Throughput=4.562791 Byte/s
AverageUPL=220.053000
    AverageRTT=219.956000
    tcpi_retransmits=0
    tcpi_rto=424000
    tcpi_lost=0
    tcpi_retrans=0
    tcpi_snd_cwnd=18
    tcpi_snd_ssthresh=2147483647
    tcpi_total_retrans=0
101 220.754000 219.847000 1622
102 222.439000 220.161000 1843
103 218.820000 219.984000 1736
104 221.868000 220.209000 1753
105 220.751000 220.262000 1421
106 217.993000 219.963000 1451
107 219.158000 219.855000 1305
108 216.722000 219.453000 1364
109 211.315000 218.420000 1580
110 211.026000 217.450000 1773
111 209.491000 216.440000 1970
112 208.242000 215.407000 2166
113 214.829000 215.324000 1791
114 221.922000 216.138000 2972
115 219.572000 216.557000 3067
116 221.775000 217.198000 3583
117 218.239000 217.322000 2934
118 217.412000 217.323000 2202
119 220.260000 217.679000 2364
120 222.378000 218.255000 2925
121 221.064000 218.592000 2869
122 222.777000 219.106000 3178
123 221.600000 219.408000 2988
124 218.100000 219.232000 2592
125 221.368000 219.489000 2458
126 219.337000 219.459000 1903
127 220.708000 219.606000 1720
128 218.939000 219.513000 1476
129 217.025000 219.190000 1510
130 219.384000 219.204000 1160
131 218.626000 219.123000 1031
132 219.901000 219.211000 949
133 218.213000 219.077000 953
134 220.509000 219.246000 1052
135 219.716000 219.291000 879
136 219.755000 219.339000 755
137 218.148000 219.183000 771
138 216.352000 218.797000 843
139 219.686000 218.899000 834
140 218.553000 218.844000 736
141 220.489000 219.040000 944
142 221.762000 219.371000 1370
143 220.748000 219.534000 1354
144 221.996000 219.829000 1605
145 222.446000 220.146000 1838
146 216.051000 219.628000 1910
147 219.230000 219.569000 1549
148 216.957000 219.233000 1585
149 219.239000 219.219000 1217
150 219.946000 219.294000 1062
151 220.929000 219.488000 1186
152 222.446000 219.842000 1596
153 220.647000 219.932000 1378
154 219.899000 219.914000 1070
155 219.554000 219.863000 905
156 219.535000 219.813000 778
157 222.277000 220.113000 1183
158 219.161000 219.985000 1143
159 218.295000 219.757000 1164
160 221.198000 219.927000 1212
161 219.033000 219.806000 1150
162 220.194000 219.845000 940
163 220.867000 219.963000 941
164 219.751000 219.928000 775
165 217.656000 219.634000 824
166 222.679000 220.005000 1362
167 220.496000 220.049000 1108
168 219.406000 219.957000 1015
169 222.558000 220.272000 1392
170 216.850000 219.835000 1458
171 219.937000 219.824000 1115
172 220.012000 219.837000 863
173 222.634000 220.176000 1326
174 217.175000 219.794000 1380
175 221.683000 220.021000 1488
176 218.127000 219.774000 1503
177 221.703000 220.005000 1590
178 218.881000 219.858000 1485
179 219.421000 219.798000 1235
180 221.405000 219.989000 1309
181 222.634000 220.306000 1615
182 218.130000 220.023000 1635
183 219.324000 219.925000 1421
184 219.842000 219.904000 1109
185 218.368000 219.703000 1124
186 220.624000 219.802000 1042
187 218.475000 219.625000 1054
188 221.918000 219.900000 1339
189 219.661000 219.860000 1084
190 218.487000 219.678000 1095
191 221.537000 219.901000 1267
192 216.223000 219.432000 1345
193 220.870000 219.603000 1352
194 222.751000 219.986000 1780
195 221.561000 220.173000 1709
196 221.537000 220.333000 1602
197 222.518000 220.594000 1722
198 218.626000 220.341000 1732
199 221.924000 220.530000 1676
200 219.451000 220.385000 1547
[FINAL]:
Client Throughput=4.567557 Byte/s
AverageUPL=219.524000
    AverageRTT=219.389000
    tcpi_retransmits=0
    tcpi_rto=424000
    tcpi_lost=0
    tcpi_retrans=0
    tcpi_snd_cwnd=18
    tcpi_snd_ssthresh=2147483647
    tcpi_total_retrans=0
101 219.759000 220.364000 690
102 218.264000 220.087000 738
103 221.902000 220.305000 989
104 222.340000 220.550000 1234
105 215.970000 219.965000 1341
106 221.208000 220.105000 1285
107 222.308000 220.370000 1495
108 220.469000 220.368000 1126
109 219.419000 220.239000 1103
110 218.645000 220.029000 1121
111 222.390000 220.314000 1410
112 220.222000 220.290000 1105
113 219.773000 220.216000 976
114 221.367000 220.349000 998
115 217.274000 219.953000 1066
116 218.508000 219.764000 1080
117 221.420000 219.962000 1205
118 217.325000 219.623000 1252
119 220.276000 219.695000 1083
120 219.460000 219.659000 884
121 218.015000 219.444000 910
122 221.297000 219.664000 1122
123 223.219000 220.098000 1710
124 218.256000 219.858000 1717
125 222.115000 220.131000 1832
126 220.724000 220.198000 1510
127 220.093000 220.172000 1184
128 221.231000 220.295000 1134
129 222.030000 220.500000 1260
130 218.833000 220.283000 1275
131 218.114000 220.003000 1305
132 222.742000 220.334000 1639
133 219.747000 220.248000 1401
134 221.433000 220.387000 1328
135 220.277000 220.364000 1042
136 221.527000 220.499000 1051
137 220.589000 220.503000 797
138 218.772000 220.281000 828
139 218.568000 220.060000 857
140 217.393000 219.718000 916
141 219.935000 219.733000 717
142 221.929000 219.998000 1069
143 219.688000 219.951000 895
144 221.679000 220.154000 1078
145 223.219000 220.525000 1550
146 220.913000 220.564000 1240
147 216.484000 220.042000 1332
148 220.032000 220.029000 1026
149 221.210000 220.168000 1048
150 218.764000 219.983000 1061
151 217.339000 219.643000 1113
152 216.945000 219.297000 1164
153 218.589000 219.198000 1070
154 219.056000 219.171000 857
155 216.352000 218.810000 920
156 219.562000 218.894000 858
157 221.294000 219.184000 1224
158 219.141000 219.173000 940
159 221.336000 219.435000 1229
160 220.766000 219.583000 1218
161 221.223000 219.779000 1305
162 221.428000 219.976000 1373
163 221.983000 220.219000 1515
164 219.836000 220.161000 1251
165 220.889000 220.243000 1103
166 218.546000 220.021000 1124
167 220.717000 220.099000 998
168 219.323000 219.992000 962
169 217.379000 219.650000 1017
170 218.674000 219.518000 1018
171 218.552000 219.381000 1021
172 222.592000 219.771000 1545
173 220.100000 219.800000 1217
174 222.390000 220.114000 1539
175 219.045000 219.972000 1437
176 221.377000 220.139000 1410
177 220.170000 220.135000 1064
178 220.687000 220.194000 915
179 222.686000 220.495000 1289
180 220.321000 220.466000 1025
181 221.692000 220.611000 1059
182 218.673000 220.361000 1088
183 219.482000 220.241000 1057
184 222.692000 220.539000 1388
185 219.203000 220.363000 1388
186 223.533000 220.750000 1814
187 218.776000 220.494000 1822
188 223.202000 220.823000 2024
189 219.273000 220.619000 1925
190 221.034000 220.661000 1528
191 221.956000 220.812000 1449
192 217.097000 220.338000 1522
193 220.047000 220.287000 1244
194 219.953000 220.231000 1045
195 219.478000 220.128000 989
196 220.256000 220.137000 759
197 221.038000 220.240000 776
198 221.172000 220.347000 795
199 219.527000 220.235000 799
200 218.427000 219.999000 832
[FINAL]:
Client Throughput=4.523431 Byte/s
AverageUPL=220.119000
    AverageRTT=220.071000
    tcpi_retransmits=0
    tcpi_rto=424000
    tcpi_lost=0
    tcpi_retrans=0
    tcpi_snd_cwnd=18
    tcpi_snd_ssthresh=2147483647
    tcpi_total_retrans=0
101 222.701000 220.330000 1904
102 220.682000 220.365000 1497
103 219.777000 220.284000 1285
104 223.334000 220.656000 1708
105 220.008000 220.565000 1463
106 220.784000 220.580000 1129
107 223.041000 220.878000 1443
108 217.559000 220.454000 1503
109 221.838000 220.614000 1448
110 217.145000 220.167000 1514
111 218.942000 220.003000 1464
112 219.112000 219.883000 1339
113 219.359000 219.810000 1150
114 220.314000 219.862000 966
115 219.647000 219.829000 791
116 219.926000 219.832000 599
117 221.416000 220.022000 829
118 218.465000 219.818000 854
119 217.655000 219.538000 897
120 222.597000 219.915000 1426
121 223.126000 220.306000 1851
122 218.190000 220.026000 1863
123 218.132000 219.774000 1868
124 219.353000 219.711000 1527
125 218.602000 219.559000 1449
126 213.000000 218.729000 1611
127 222.201000 219.152000 2054
128 217.681000 218.959000 1926
129 218.388000 218.880000 1603
130 217.295000 218.670000 1606
131 223.016000 219.204000 2272
132 220.484000 219.351000 1999
133 222.491000 219.733000 2263
134 219.191000 219.656000 1852
135 220.406000 219.740000 1557
136 219.910000 219.751000 1190
137 221.597000 219.975000 1340
138 220.335000 220.009000 1073
139 222.225000 220.278000 1343
140 221.673000 220.446000 1344
141 222.115000 220.643000 1402
142 219.576000 220.500000 1338
143 219.227000 220.332000 1338
144 220.331000 220.323000 1021
145 219.526000 220.214000 984
146 219.819000 220.154000 858
147 219.669000 220.084000 783
148 221.648000 220.266000 951
149 217.479000 219.908000 1011
150 219.767000 219.875000 824
151 220.081000 219.891000 650
152 218.620000 219.722000 672
153 219.126000 219.638000 671
154 217.367000 219.344000 724
155 216.707000 219.005000 786
156 222.938000 219.487000 1554
157 218.655000 219.373000 1394
158 216.566000 219.016000 1439
159 216.960000 218.750000 1461
160 218.862000 218.755000 1106
161 218.100000 218.662000 1015
162 217.571000 218.514000 1020
163 219.912000 218.683000 1102
164 221.576000 219.034000 1530
165 218.998000 219.020000 1177
166 216.854000 218.737000 1211
167 219.839000 218.863000 1160
168 219.689000 218.955000 1054
169 218.642000 218.906000 889
170 220.932000 219.150000 1154
171 219.245000 219.151000 869
172 219.852000 219.227000 802
173 218.833000 219.171000 713
174 220.085000 219.273000 740
175 223.371000 219.776000 1560
176 219.699000 219.757000 1208
177 220.385000 219.826000 1044
178 216.880000 219.445000 1106
179 218.363000 219.300000 1108
180 219.976000 219.375000 981
181 219.513000 219.381000 748
182 219.926000 219.443000 684
183 220.701000 219.588000 802
184 216.991000 219.249000 862
185 220.826000 219.432000 1011
186 218.961000 219.363000 896
187 217.858000 219.165000 917
188 218.721000 219.100000 819
189 221.585000 219.401000 1217
190 222.225000 219.745000 1600
191 217.255000 219.424000 1630
192 216.760000 219.082000 1665
193 221.023000 219.315000 1715
194 219.183000 219.289000 1339
195 222.100000 219.631000 1687
196 222.308000 219.955000 1914
197 219.647000 219.905000 1536
198 222.327000 220.185000 1713
199 222.153000 220.420000 1754
200 216.241000 219.885000 1833
[FINAL]:
Client Throughput=4.571645 Byte/s
AverageUPL=219.717000
    AverageRTT=219.643000
    tcpi_retransmits=0
    tcpi_rto=420000
    tcpi_lost=0
    tcpi_retrans=0
    tcpi_snd_cwnd=18
    tcpi_snd_ssthresh=2147483647
    tcpi_total_retrans=0
101 215.944000 233.874000 10425
102 217.017000 231.760000 10628
103 221.035000 230.408000 10633
104 222.194000 229.374000 10043
105 218.627000 228.016000 10069
106 222.123000 227.270000 9044
107 219.043000 226.235000 8854
108 218.882000 225.306000 8497
109 221.618000 224.836000 7313
110 216.246000 223.753000 7356
111 220.013000 223.272000 6478
112 219.760000 222.823000 5756
113 221.017000 222.588000 4788
114 220.244000 222.284000 4198
115 218.676000 221.823000 4071
116 220.481000 221.645000 3410
117 222.056000 221.682000 2631
118 221.795000 221.686000 1983
119 223.459000 221.896000 1906
120 221.956000 221.894000 1432
121 221.763000 221.871000 1120
122 219.655000 221.585000 1157
123 219.863000 221.365000 1175
124 220.503000 221.249000 1113
125 222.307000 221.370000 1078
126 216.996000 220.815000 1183
127 221.096000 220.839000 935
128 217.598000 220.424000 1009
129 218.392000 220.160000 1043
130 221.684000 220.340000 1142
131 219.488000 220.224000 1089
132 221.129000 220.322000 1014
133 219.722000 220.239000 928
134 222.748000 220.543000 1305
135 221.547000 220.658000 1209
136 219.005000 220.439000 1225
137 222.091000 220.635000 1311
138 223.204000 220.947000 1608
139 222.320000 221.107000 1525
140 217.355000 220.631000 1596
141 222.742000 220.886000 1705
142 221.885000 221.000000 1509
143 222.323000 221.156000 1442
144 221.897000 221.239000 1248
145 218.487000 220.886000 1298
146 220.333000 220.806000 1133
147 220.071000 220.701000 1059
148 221.572000 220.801000 995
149 218.611000 220.517000 1035
150 222.226000 220.721000 1185
151 219.245000 220.527000 1196
152 222.271000 220.735000 1313
153 223.537000 221.077000 1670
154 218.618000 220.761000 1696
155 219.837000 220.636000 1523
156 220.566000 220.615000 1184
157 219.509000 220.466000 1184
158 222.170000 220.669000 1295
159 219.609000 220.530000 1250
160 219.939000 220.447000 1104
161 219.912000 220.371000 979
162 216.685000 219.895000 1067
163 217.260000 219.559000 1118
164 220.115000 219.623000 965
165 218.486000 219.472000 972
166 220.104000 219.542000 869
167 219.562000 219.534000 667
168 216.722000 219.172000 737
169 218.881000 219.127000 644
170 221.329000 219.392000 1013
171 220.119000 219.472000 920
172 218.395000 219.328000 928
173 220.873000 219.511000 1062
174 219.653000 219.520000 815
175 223.165000 219.966000 1503
176 222.577000 220.283000 1761
177 221.407000 220.414000 1582
178 218.791000 220.204000 1585
179 222.579000 220.491000 1761
180 218.336000 220.214000 1775
181 219.640000 220.132000 1494
182 223.393000 220.531000 1918
183 225.232000 221.108000 2592
184 217.764000 220.681000 2618
185 218.150000 220.355000 2615
186 219.464000 220.234000 2202
187 222.790000 220.543000 2269
188 219.588000 220.413000 1960
189 220.201000 220.376000 1545
190 222.025000 220.572000 1551
191 218.794000 220.341000 1560
192 218.682000 220.124000 1565
193 218.754000 219.939000 1544
194 220.797000 220.034000 1348
195 219.262000 219.928000 1224
196 219.243000 219.835000 1105
197 219.697000 219.809000 880
198 220.892000 219.935000 912
199 217.573000 219.630000 959
200 216.210000 219.193000 1039
[FINAL]:
Client Throughput=4.267336 Byte/s
AverageUPL=220.192000
    AverageRTT=221.321000
    tcpi_retransmits=0
    tcpi_rto=420000
    tcpi_lost=0
    tcpi_retrans=0
    tcpi_snd_cwnd=18
    tcpi_snd_ssthresh=2147483647
    tcpi_total_retrans=0
101 221.214000 219.933000 1187
102 221.367000 220.102000 1228
103 223.024000 220.457000 1630
104 220.836000 220.495000 1299
105 216.798000 220.024000 1376
106 220.355000 220.057000 1098
107 223.066000 220.425000 1559
108 219.273000 220.272000 1476
109 220.146000 220.246000 1158
110 219.907000 220.190000 982
111 217.253000 219.813000 1045
112 217.393000 219.501000 1090
113 219.634000 219.508000 831
114 222.993000 219.933000 1473
115 217.054000 219.563000 1519
116 221.797000 219.833000 1678
117 217.450000 219.525000 1702
118 222.173000 219.845000 1917
119 222.819000 220.207000 2162
120 218.609000 220.001000 2034
121 218.761000 219.837000 1853
122 221.805000 220.073000 1863
123 219.253000 219.962000 1620
124 217.597000 219.656000 1646
125 222.434000 219.995000 1910
126 219.842000 219.968000 1485
127 220.931000 220.082000 1341
128 217.221000 219.715000 1390
129 221.538000 219.933000 1480
130 219.865000 219.915000 1146
131 220.166000 219.938000 904
132 220.445000 219.993000 788
133 220.762000 220.079000 764
134 221.472000 220.244000 903
135 220.202000 220.229000 707
136 221.197000 220.341000 753
137 219.238000 220.191000 767
138 218.917000 220.009000 788
139 221.858000 220.233000 1039
140 220.566000 220.263000 839
141 220.876000 220.326000 757
142 218.946000 220.144000 778
143 220.287000 220.153000 601
144 219.849000 220.106000 544
145 219.586000 220.032000 545
146 220.497000 220.081000 507
147 216.924000 219.677000 592
148 218.426000 219.510000 615
149 220.226000 219.591000 622
150 217.963000 219.377000 656
151 218.822000 219.298000 650
152 222.182000 219.645000 1182
153 216.916000 219.295000 1233
154 221.736000 219.591000 1517
155 219.266000 219.539000 1241
156 221.929000 219.826000 1505
157 218.360000 219.634000 1506
158 219.014000 219.542000 1314
159 218.137000 219.359000 1319
160 218.618000 219.258000 1190
161 218.570000 219.164000 1080
162 218.542000 219.080000 978
163 218.621000 219.017000 860
164 220.298000 219.172000 954
165 220.348000 219.314000 1000
166 218.098000 219.154000 1009
167 220.221000 219.278000 1005
168 218.610000 219.189000 933
169 222.837000 219.634000 1591
170 218.969000 219.540000 1382
171 217.520000 219.277000 1404
172 220.970000 219.479000 1457
173 220.999000 219.658000 1451
174 219.360000 219.608000 1187
175 221.873000 219.878000 1430
176 217.543000 219.580000 1460
177 220.220000 219.650000 1236
178 216.328000 219.227000 1303
179 218.755000 219.158000 1115
180 218.004000 219.002000 1119
181 219.717000 219.082000 999
182 220.225000 219.219000 1023
183 221.173000 219.449000 1227
184 219.968000 219.504000 1030
185 221.955000 219.798000 1361
186 222.536000 220.131000 1686
187 218.418000 219.909000 1689
188 216.874000 219.521000 1733
189 261.595000 224.772000 11803
190 267.856000 230.149000 19605
191 278.725000 236.215000 26837
192 281.198000 241.829000 31356
193 281.197000 246.743000 33344
194 281.736000 251.108000 33738
195 280.434000 254.767000 32622
196 281.176000 258.060000 31053
197 281.148000 260.934000 29038
198 281.043000 263.439000 26786
199 281.258000 265.657000 24526
200 265.456000 265.616000 18477
[FINAL]:
Client Throughput=4.477380 Byte/s
AverageUPL=226.661000
    AverageRTT=223.375000
    tcpi_retransmits=0
    tcpi_rto=468000
    tcpi_lost=0
    tcpi_retrans=0
    tcpi_snd_cwnd=10
    tcpi_snd_ssthresh=2147483647
    tcpi_total_retrans=0
101 222.034000 220.295000 1609
102 220.431000 220.303000 1223
103 220.792000 220.352000 1014
104 220.678000 220.382000 821
105 220.395000 220.374000 631
106 222.537000 220.634000 994
107 220.627000 220.625000 764
108 218.401000 220.338000 812
109 218.273000 220.071000 853
110 218.599000 219.879000 874
111 218.546000 219.705000 890
112 218.673000 219.569000 896
113 218.433000 219.421000 905
114 218.717000 219.321000 879
115 218.500000 219.212000 878
116 218.558000 219.123000 836
117 217.624000 218.926000 859
118 218.622000 218.879000 738
119 219.683000 218.970000 736
120 219.246000 218.994000 600
121 220.328000 219.155000 772
122 218.993000 219.127000 636
123 219.718000 219.191000 605
124 221.215000 219.434000 940
125 220.499000 219.557000 951
126 219.050000 219.485000 858
127 218.864000 219.398000 816
128 218.246000 219.244000 829
129 220.870000 219.437000 1009
130 219.149000 219.392000 849
131 218.799000 219.308000 803
132 220.803000 219.486000 957
133 219.760000 219.508000 763
134 221.010000 219.680000 916
135 217.660000 219.419000 953
136 219.460000 219.415000 722
137 221.014000 219.606000 923
138 217.332000 219.312000 967
139 221.564000 219.584000 1269
140 220.494000 219.687000 1158
141 217.600000 219.417000 1190
142 219.661000 219.433000 924
143 264.258000 225.028000 11883
144 281.094000 232.021000 22897
145 281.069000 238.143000 29417
146 281.171000 243.515000 32807
147 281.129000 248.202000 33980
148 280.973000 252.289000 33660
149 281.263000 255.898000 32461
150 230.524000 252.717000 30707
151 219.933000 248.609000 30775
152 221.695000 245.236000 29827
153 222.309000 242.362000 28119
154 222.559000 239.876000 26060
155 218.355000 237.175000 24947
156 218.459000 234.826000 23410
157 219.246000 232.868000 21472
158 219.007000 231.126000 19588
159 218.426000 229.529000 17885
160 219.672000 228.288000 15897
161 218.988000 227.116000 14267
162 219.417000 226.145000 12641
163 220.819000 225.471000 10830
164 217.447000 224.456000 10152
165 221.142000 224.028000 8469
166 217.726000 223.229000 7950
167 220.273000 222.852000 6717
168 218.719000 222.323000 6095
169 216.050000 221.527000 6104
170 220.340000 221.369000 4895
171 220.803000 221.285000 3839
172 220.658000 221.199000 3051
173 219.388000 220.963000 2760
174 220.418000 220.886000 2224
175 222.424000 221.071000 2038
176 219.815000 220.905000 1861
177 221.476000 220.967000 1521
178 218.979000 220.709000 1537
179 222.468000 220.920000 1574
180 219.184000 220.691000 1582
181 219.297000 220.509000 1551
182 216.274000 219.970000 1637
183 219.003000 219.836000 1496
184 221.260000 220.003000 1457
185 222.390000 220.290000 1666
186 220.517000 220.311000 1292
187 219.323000 220.179000 1232
188 221.826000 220.378000 1321
189 217.393000 219.990000 1376
190 219.038000 219.860000 1293
191 218.576000 219.693000 1294
192 222.259000 220.000000 1584
193 217.299000 219.653000 1621
194 221.207000 219.838000 1585
195 218.786000 219.694000 1475
196 220.627000 219.802000 1321
197 220.571000 219.890000 1167
198 222.469000 220.203000 1501
199 219.704000 220.130000 1271
200 216.985000 219.721000 1334
[FINAL]:
Client Throughput=4.504141 Byte/s
AverageUPL=223.939000
    AverageRTT=223.884000
    tcpi_retransmits=0
    tcpi_rto=420000
    tcpi_lost=0
    tcpi_retrans=0
    tcpi_snd_cwnd=10
    tcpi_snd_ssthresh=2147483647
    tcpi_total_retrans=0
101 221.872000 220.703000 1332
102 219.561000 220.551000 1304
103 217.990000 220.219000 1346
104 220.513000 220.245000 1062
105 219.223000 220.108000 1063
106 220.625000 220.164000 909
107 221.087000 220.269000 891
108 221.010000 220.352000 835
109 218.305000 220.084000 875
110 222.685000 220.403000 1294
111 222.467000 220.649000 1462
112 219.880000 220.546000 1302
113 221.135000 220.613000 1111
114 219.393000 220.446000 1118
115 220.727000 220.474000 895
116 220.176000 220.426000 769
117 217.472000 220.047000 839
118 218.181000 219.802000 874
119 219.569000 219.762000 735
120 220.333000 219.824000 673
121 219.603000 219.787000 579
122 219.525000 219.744000 520
123 222.331000 220.056000 1013
124 221.875000 220.273000 1195
125 218.395000 220.032000 1218
126 220.141000 220.037000 923
127 218.649000 219.853000 940
128 220.878000 219.971000 942
129 216.086000 219.478000 1035
130 219.631000 219.485000 791
131 220.242000 219.568000 759
132 220.010000 219.612000 657
133 221.107000 219.790000 849
134 219.901000 219.794000 644
135 217.496000 219.497000 698
136 220.550000 219.619000 767
137 220.846000 219.763000 864
138 222.345000 220.077000 1274
139 218.957000 219.925000 1258
140 218.815000 219.780000 1235
141 219.939000 219.787000 941
142 220.119000 219.816000 765
143 219.390000 219.753000 701
144 220.421000 219.820000 661
145 281.428000 227.514000 15883
146 281.327000 234.233000 25350
147 280.941000 240.058000 30662
148 281.061000 245.175000 33232
149 281.366000 249.689000 33952
150 265.138000 251.611000 29306
151 281.042000 255.282000 29322
152 281.345000 258.533000 28495
153 281.021000 261.334000 26973
154 281.194000 263.809000 25180
155 281.026000 265.955000 23176
156 281.185000 267.852000 21176
157 281.213000 269.514000 19207
158 281.111000 270.955000 17286
159 231.209000 265.978000 17990
160 221.383000 260.391000 18824
161 221.913000 255.569000 19441
162 220.221000 251.141000 19941
163 222.752000 247.582000 20207
164 218.309000 243.914000 20492
165 220.243000 240.944000 20594
166 216.928000 237.932000 20704
167 221.863000 235.913000 19565
168 219.819000 233.889000 18721
169 223.157000 232.539000 16742
170 221.175000 231.109000 15417
171 219.166000 229.603000 14573
172 221.904000 228.632000 12872
173 227.285000 228.457000 10005
174 216.467000 226.949000 10069
175 221.071000 226.205000 9040
176 219.335000 225.334000 8523
177 218.268000 224.441000 8177
178 218.421000 223.680000 7656
179 220.152000 223.229000 6643
180 221.347000 222.982000 5477
181 218.098000 222.363000 5346
182 220.033000 222.062000 4610
183 223.031000 222.172000 3677
184 221.822000 222.119000 2863
185 218.048000 221.600000 2903
186 218.156000 221.159000 2922
187 223.436000 221.432000 2737
188 216.753000 220.835000 2801
189 218.521000 220.530000 2711
190 220.851000 220.561000 2093
191 221.948000 220.721000 1891
192 219.796000 220.598000 1665
193 222.526000 220.827000 1707
194 221.130000 220.857000 1340
195 219.064000 220.622000 1357
196 217.838000 220.263000 1404
197 218.717000 220.063000 1410
198 218.913000 219.911000 1363
199 221.658000 220.120000 1441
200 216.733000 219.684000 1504
[FINAL]:
Client Throughput=4.483283 Byte/s
AverageUPL=228.593000
    AverageRTT=228.574000
    tcpi_retransmits=0
    tcpi_rto=420000
    tcpi_lost=0
    tcpi_retrans=0
    tcpi_snd_cwnd=10
    tcpi_snd_ssthresh=2147483647
    tcpi_total_retrans=0
101 218.125000 220.291000 1264
102 222.212000 220.521000 1410
103 220.014000 220.449000 1203
104 219.837000 220.363000 1073
105 222.469000 220.611000 1301
106 219.906000 220.512000 1175
107 219.222000 220.340000 1181
108 219.049000 220.170000 1186
109 221.228000 220.291000 1132
110 222.588000 220.568000 1403
111 223.948000 220.981000 1878
112 220.130000 220.865000 1640
113 217.723000 220.463000 1689
114 222.177000 220.662000 1664
115 216.722000 220.163000 1737
116 219.813000 220.106000 1416
117 222.709000 220.418000 1686
118 219.667000 220.315000 1472
119 222.163000 220.535000 1544
120 217.892000 220.198000 1580
121 220.439000 220.218000 1226
122 222.227000 220.459000 1402
123 221.090000 220.530000 1192
124 219.241000 220.356000 1198
125 221.606000 220.503000 1194
126 219.360000 220.352000 1194
127 220.471000 220.354000 901
128 222.053000 220.556000 1078
129 217.979000 220.228000 1127
130 217.967000 219.936000 1164
131 217.253000 219.591000 1214
132 219.490000 219.569000 954
133 217.184000 219.263000 1001
134 220.288000 219.385000 994
135 220.039000 219.458000 892
136 218.884000 219.379000 826
137 216.775000 219.043000 885
138 223.480000 219.585000 1748
139 219.484000 219.563000 1355
140 220.750000 219.701000 1293
141 220.402000 219.776000 1120
142 221.606000 219.994000 1275
143 217.458000 219.667000 1316
144 217.821000 219.429000 1335
145 220.873000 219.601000 1345
146 220.592000 219.713000 1232
147 219.832000 219.718000 935
148 219.488000 219.681000 776
149 219.499000 219.651000 642
150 216.346000 219.225000 728
151 218.449000 219.118000 732
152 220.493000 219.280000 874
153 222.841000 219.715000 1526
154 218.679000 219.576000 1423
155 219.596000 219.566000 1089
156 220.507000 219.676000 1037
157 218.332000 219.497000 1049
158 220.739000 219.644000 1079
159 219.604000 219.626000 844
160 220.376000 219.709000 799
161 217.836000 219.462000 835
162 219.185000 219.415000 721
163 218.970000 219.352000 667
164 220.066000 219.433000 662
165 220.851000 219.600000 829
166 219.952000 219.632000 686
167 220.260000 219.700000 652
168 218.821000 219.584000 660
169 218.515000 219.440000 675
170 219.722000 219.466000 559
171 219.311000 219.437000 477
172 223.549000 219.938000 1361
173 217.362000 219.607000 1401
174 219.758000 219.616000 1069
175 219.226000 219.558000 918
176 222.028000 219.857000 1286
177 220.602000 219.940000 1131
178 220.793000 220.038000 1044
179 221.378000 220.194000 1096
180 217.157000 219.802000 1159
181 220.013000 219.816000 899
182 217.636000 219.535000 941
183 219.863000 219.564000 765
184 221.949000 219.852000 1149
185 220.452000 219.915000 989
186 221.896000 220.153000 1217
187 221.439000 220.307000 1221
188 219.108000 220.148000 1222
189 218.359000 219.916000 1242
190 222.527000 220.233000 1567
191 219.956000 220.191000 1260
192 218.602000 219.985000 1271
193 218.567000 219.803000 1277
194 217.375000 219.491000 1315
195 217.959000 219.291000 1324
196 218.616000 219.196000 1181
197 217.073000 218.922000 1213
198 221.440000 219.228000 1521
199 219.922000 219.300000 1286
200 219.939000 219.366000 1097
[FINAL]:
Client Throughput=4.573879 Byte/s
AverageUPL=219.852000
    AverageRTT=219.859000
    tcpi_retransmits=0
    tcpi_rto=420000
    tcpi_lost=0
    tcpi_retrans=0
    tcpi_snd_cwnd=10
    tcpi_snd_ssthresh=2147483647
    tcpi_total_retrans=0
101 217.944000 219.139000 1338
102 218.090000 218.998000 1286
103 219.229000 219.017000 1001
104 217.085000 218.766000 1033
105 222.818000 219.263000 1768
106 216.545000 218.915000 1800
107 220.067000 219.050000 1621
108 219.118000 219.049000 1217
109 218.625000 218.986000 1038
110 221.394000 219.277000 1359
111 217.492000 219.047000 1374
112 219.785000 219.131000 1198
113 221.926000 219.470000 1578
114 222.183000 219.800000 1843
115 219.513000 219.754000 1474
116 219.505000 219.714000 1186
117 219.559000 219.686000 946
118 217.024000 219.343000 1002
119 219.365000 219.336000 765
120 223.309000 219.823000 1548
121 217.540000 219.524000 1574
122 219.475000 219.509000 1210
123 220.901000 219.671000 1232
124 214.603000 219.027000 1354
125 221.123000 219.281000 1523
126 219.985000 219.360000 1301
127 216.851000 219.034000 1342
128 219.145000 219.035000 1008
129 222.078000 219.407000 1501
130 218.288000 219.262000 1415
131 222.834000 219.703000 1942
132 220.376000 219.777000 1606
133 222.547000 220.115000 1880
134 220.721000 220.179000 1537
135 221.340000 220.316000 1427
136 220.896000 220.378000 1196
137 218.723000 220.164000 1212
138 218.656000 219.971000 1222
139 218.716000 219.807000 1225
140 218.505000 219.638000 1229
141 218.785000 219.526000 1146
142 218.560000 219.399000 1113
143 220.209000 219.492000 1019
144 221.050000 219.680000 1141
145 221.599000 219.913000 1322
146 219.167000 219.810000 1198
147 221.125000 219.962000 1204
148 220.991000 220.080000 1139
149 218.693000 219.899000 1149
150 218.682000 219.737000 1154
151 221.992000 220.008000 1408
152 220.755000 220.088000 1214
153 217.731000 219.780000 1253
154 219.536000 219.738000 1022
155 221.976000 220.006000 1302
156 219.660000 219.952000 1086
157 220.056000 219.957000 826
158 219.593000 219.901000 733
159 218.643000 219.734000 751
160 218.939000 219.625000 755
161 218.288000 219.450000 775
162 219.174000 219.405000 670
163 219.768000 219.442000 575
164 222.222000 219.780000 1108
165 220.087000 219.810000 890
166 222.187000 220.100000 1249
167 220.328000 220.118000 972
168 218.637000 219.922000 990
169 216.812000 219.528000 1058
170 210.290000 218.365000 1315
171 221.165000 218.709000 1674
172 209.362000 217.531000 1917
173 218.545000 217.649000 1674
174 222.127000 218.195000 2347
175 222.109000 218.674000 2719
176 219.424000 218.760000 2211
177 220.903000 219.015000 2169
178 219.255000 219.036000 1668
179 217.956000 218.894000 1534
180 217.865000 218.756000 1427
181 220.370000 218.948000 1454
182 219.474000 219.003000 1201
183 222.953000 219.488000 1869
184 222.139000 219.806000 2039
185 218.728000 219.661000 1818
186 221.364000 219.860000 1761
187 217.884000 219.603000 1770
188 219.521000 219.587000 1361
189 217.369000 219.299000 1390
190 222.455000 219.683000 1811
191 220.428000 219.763000 1519
192 220.554000 219.852000 1316
193 220.669000 219.944000 1172
194 219.074000 219.823000 1121
195 217.473000 219.491000 1169
196 217.976000 219.284000 1184
197 220.491000 219.429000 1177
198 222.344000 219.788000 1600
199 223.165000 220.198000 2021
200 217.526000 219.848000 2045
[FINAL]:
Client Throughput=4.573170 Byte/s
AverageUPL=219.600000
    AverageRTT=219.485000
    tcpi_retransmits=0
    tcpi_rto=420000
    tcpi_lost=0
    tcpi_retrans=0
    tcpi_snd_cwnd=10
    tcpi_snd_ssthresh=2147483647
    tcpi_total_retrans=0
