101 221.445000 220.092000 813
102 218.982000 219.974000 817
103 222.235000 220.241000 1147
104 219.972000 220.203000 938
105 219.652000 220.126000 856
106 220.506000 220.169000 727
107 220.137000 220.162000 558
108 218.415000 219.935000 597
109 218.966000 219.805000 611
110 222.305000 220.110000 1068
111 219.408000 220.016000 990
112 219.570000 219.960000 855
113 219.724000 219.921000 719
114 222.750000 220.270000 1237
115 219.276000 220.139000 1188
116 219.490000 220.052000 1066
117 221.640000 220.243000 1182
118 218.927000 220.069000 1189
119 218.942000 219.922000 1187
120 221.848000 220.155000 1357
121 218.433000 219.933000 1370
122 221.733000 220.151000 1464
123 219.650000 220.082000 1237
124 220.196000 220.089000 943
125 221.934000 220.308000 1146
126 218.657000 220.092000 1164
127 221.897000 220.311000 1312
128 218.170000 220.034000 1340
129 219.156000 219.917000 1238
130 222.294000 220.206000 1507
131 222.610000 220.505000 1727
132 220.125000 220.449000 1407
133 218.457000 220.191000 1427
134 218.688000 219.997000 1431
135 220.511000 220.058000 1195
136 221.031000 220.173000 1128
137 220.009000 220.144000 904
138 218.363000 219.914000 933
139 218.552000 219.739000 947
140 219.756000 219.733000 722
141 220.985000 219.882000 840
142 220.155000 219.907000 681
143 221.072000 220.047000 790
144 220.569000 220.102000 704
145 220.413000 220.136000 594
146 222.223000 220.390000 954
147 217.919000 220.074000 1003
148 221.658000 220.262000 1128
149 218.740000 220.065000 1142
150 223.014000 220.433000 1593
151 218.784000 220.216000 1597
152 220.362000 220.228000 1222
153 219.322000 220.108000 1158
154 216.689000 219.674000 1230
155 216.431000 219.267000 1293
156 217.671000 219.057000 1305
157 221.473000 219.350000 1564
158 218.275000 219.197000 1477
159 220.740000 219.383000 1479
160 220.460000 219.512000 1369
161 221.386000 219.738000 1478
162 218.006000 219.515000 1487
163 219.344000 219.490000 1166
164 220.911000 219.661000 1216
165 219.265000 219.606000 1023
166 218.738000 219.489000 1000
167 222.765000 219.890000 1553
168 220.387000 219.947000 1278
169 218.631000 219.769000 1283
170 221.596000 219.991000 1407
171 221.898000 220.216000 1503
172 219.706000 220.148000 1263
173 220.201000 220.148000 947
174 220.252000 220.158000 730
175 221.117000 220.268000 767
176 217.821000 219.951000 822
177 220.574000 220.023000 760
178 218.481000 219.823000 786
179 218.506000 219.650000 804
180 222.339000 219.977000 1257
181 220.224000 219.999000 988
182 222.727000 220.333000 1409
183 221.182000 220.429000 1249
184 220.720000 220.461000 999
185 219.850000 220.376000 918
186 219.988000 220.320000 801
187 218.980000 220.146000 820
188 221.017000 220.239000 802
189 219.393000 220.128000 805
190 219.460000 220.038000 783
191 219.553000 219.975000 713
192 219.969000 219.964000 557
193 218.137000 219.734000 597
194 219.633000 219.710000 496
195 220.698000 219.827000 607
196 221.348000 220.010000 822
197 222.112000 220.264000 1123
198 220.139000 220.243000 885
199 222.039000 220.459000 1098
200 221.884000 220.632000 1168
[FINAL]:
Server Throughput=4585.434322 Byte/s
AverageUPL=220.123000
    AverageRTT=220.016000
    tcpi_retransmits=0
    tcpi_rto=424000
    tcpi_lost=0
    tcpi_retrans=0
    tcpi_snd_cwnd=18
    tcpi_snd_ssthresh=2147483647
    tcpi_total_retrans=0
101 219.712000 219.917000 581
102 219.905000 219.935000 472
103 219.893000 219.924000 377
104 221.733000 220.142000 719
105 220.225000 220.143000 542
106 221.214000 220.271000 661
107 216.476000 219.790000 761
108 219.289000 219.720000 710
109 215.296000 219.155000 829
110 209.801000 217.981000 1096
111 211.209000 217.128000 1275
112 208.609000 216.062000 1501
113 210.493000 215.354000 1631
114 219.319000 215.843000 2200
115 219.307000 216.270000 2506
116 222.648000 217.059000 3456
117 219.532000 217.360000 3194
118 218.666000 217.516000 2709
119 219.600000 217.770000 2538
120 219.709000 218.005000 2374
121 220.848000 218.353000 2476
122 223.088000 218.945000 3042
123 222.141000 219.334000 3059
124 219.877000 219.397000 2420
125 219.008000 219.339000 1931
126 221.119000 219.553000 1877
127 221.481000 219.792000 1885
128 218.522000 219.622000 1755
129 218.156000 219.431000 1698
130 218.773000 219.342000 1452
131 218.201000 219.192000 1388
132 218.674000 219.121000 1184
133 220.487000 219.282000 1211
134 219.454000 219.295000 935
135 219.759000 219.346000 803
136 218.410000 219.222000 809
137 220.033000 219.311000 785
138 220.404000 219.445000 857
139 214.029000 218.754000 1003
140 219.128000 218.792000 829
141 219.583000 218.884000 806
142 221.675000 219.225000 1285
143 221.434000 219.494000 1503
144 221.304000 219.709000 1557
145 222.877000 220.101000 1952
146 219.582000 220.034000 1599
147 215.235000 219.425000 1701
148 220.378000 219.530000 1485
149 216.928000 219.206000 1520
150 220.830000 219.401000 1530
151 221.732000 219.687000 1719
152 220.677000 219.799000 1514
153 220.394000 219.868000 1273
154 220.882000 219.985000 1189
155 219.111000 219.868000 1127
156 221.761000 220.097000 1303
157 220.418000 220.122000 1027
158 218.988000 219.974000 1032
159 218.818000 219.824000 1037
160 221.767000 220.063000 1256
161 219.421000 219.974000 1120
162 220.215000 219.995000 883
163 219.028000 219.868000 887
164 220.683000 219.962000 854
165 218.352000 219.760000 878
166 220.622000 219.859000 857
167 221.780000 220.091000 1106
168 221.116000 220.210000 1068
169 219.674000 220.138000 946
170 220.042000 220.124000 738
171 218.893000 219.960000 756
172 218.563000 219.775000 778
173 222.013000 220.047000 1127
174 220.225000 220.061000 873
175 218.928000 219.913000 882
176 220.708000 219.999000 834
177 219.453000 219.924000 775
178 220.299000 219.965000 663
179 219.334000 219.877000 664
180 220.413000 219.936000 615
181 222.771000 220.281000 1152
182 220.855000 220.347000 996
183 219.383000 220.222000 996
184 219.146000 220.083000 999
185 219.416000 219.992000 932
186 217.285000 219.646000 990
187 220.468000 219.742000 933
188 220.400000 219.816000 849
189 222.693000 220.174000 1352
190 216.375000 219.682000 1433
191 220.607000 219.787000 1286
192 219.555000 219.757000 1026
193 220.040000 219.785000 826
194 219.768000 219.773000 644
195 222.930000 220.163000 1264
196 221.682000 220.330000 1282
197 221.876000 220.529000 1360
198 219.230000 220.359000 1360
199 220.659000 220.392000 1085
200 223.234000 220.741000 1511
[FINAL]:
Server Throughput=4590.050538 Byte/s
AverageUPL=219.567000
    AverageRTT=219.455000
    tcpi_retransmits=0
    tcpi_rto=424000
    tcpi_lost=0
    tcpi_retrans=0
    tcpi_snd_cwnd=18
    tcpi_snd_ssthresh=2147483647
    tcpi_total_retrans=0
101 221.960000 220.574000 1160
102 216.844000 220.123000 1236
103 220.595000 220.171000 1024
104 221.465000 220.325000 1077
105 220.248000 220.308000 842
106 218.660000 220.101000 867
107 221.445000 220.259000 966
108 222.590000 220.543000 1293
109 220.521000 220.533000 989
110 216.279000 219.990000 1094
111 222.098000 220.250000 1339
112 220.272000 220.246000 1012
113 222.958000 220.580000 1427
114 218.172000 220.273000 1459
115 219.514000 220.168000 1305
116 217.385000 219.814000 1352
117 220.956000 219.948000 1283
118 218.557000 219.766000 1288
119 218.230000 219.565000 1298
120 221.882000 219.850000 1544
121 217.104000 219.498000 1584
122 221.714000 219.767000 1727
123 221.377000 219.963000 1686
124 219.571000 219.898000 1394
125 221.154000 220.055000 1360
126 222.614000 220.369000 1648
127 220.683000 220.401000 1299
128 219.714000 220.308000 1160
129 221.085000 220.398000 1049
130 221.969000 220.592000 1175
131 219.920000 220.499000 1067
132 217.232000 220.079000 1138
133 221.186000 220.206000 1107
134 221.637000 220.380000 1179
135 219.871000 220.311000 1023
136 221.668000 220.474000 1093
137 221.799000 220.639000 1150
138 218.591000 220.379000 1179
139 218.803000 220.177000 1192
140 218.623000 219.980000 1204
141 216.588000 219.547000 1275
142 222.533000 219.911000 1684
143 221.972000 220.160000 1762
144 219.403000 220.062000 1519
145 222.383000 220.340000 1695
146 220.930000 220.406000 1404
147 220.284000 220.387000 1091
148 219.118000 220.217000 1099
149 220.172000 220.211000 837
150 219.112000 220.064000 848
151 217.927000 219.790000 890
152 217.600000 219.506000 933
153 219.300000 219.475000 760
154 218.503000 219.349000 768
155 216.872000 219.032000 823
156 216.862000 218.751000 868
157 221.126000 219.042000 1231
158 222.122000 219.413000 1665
159 221.055000 219.613000 1649
160 217.386000 219.326000 1669
161 222.252000 219.687000 1973
162 222.198000 219.992000 2089
163 221.964000 220.230000 2044
164 219.191000 220.093000 1807
165 221.938000 220.316000 1802
166 218.419000 220.072000 1807
167 221.131000 220.198000 1607
168 220.267000 220.206000 1222
169 216.910000 219.783000 1290
170 219.383000 219.726000 1082
171 217.548000 219.448000 1118
172 220.570000 219.575000 1093
173 219.975000 219.623000 917
174 223.315000 220.071000 1583
175 219.769000 220.028000 1273
176 220.994000 220.139000 1175
177 221.668000 220.322000 1248
178 218.726000 220.116000 1260
179 222.032000 220.348000 1409
180 221.398000 220.472000 1306
181 220.978000 220.525000 1085
182 219.807000 220.427000 1010
183 219.087000 220.250000 1023
184 222.321000 220.503000 1272
185 221.617000 220.633000 1215
186 220.563000 220.617000 943
187 219.933000 220.528000 886
188 222.492000 220.767000 1143
189 221.322000 220.829000 980
190 218.728000 220.558000 1017
191 222.537000 220.799000 1244
192 219.647000 220.651000 1229
193 218.568000 220.377000 1259
194 221.764000 220.544000 1278
195 217.489000 220.158000 1334
196 220.256000 220.164000 1012
197 220.644000 220.218000 867
198 220.433000 220.230000 675
199 222.793000 220.534000 1113
200 219.772000 220.432000 1039
[FINAL]:
Server Throughput=4545.426240 Byte/s
AverageUPL=220.185000
    AverageRTT=220.125000
    tcpi_retransmits=0
    tcpi_rto=424000
    tcpi_lost=0
    tcpi_retrans=0
    tcpi_snd_cwnd=18
    tcpi_snd_ssthresh=2147483647
    tcpi_total_retrans=0
101 218.591000 220.187000 1197
102 220.332000 220.216000 956
103 221.896000 220.416000 1118
104 220.771000 220.447000 900
105 221.157000 220.529000 839
106 219.653000 220.419000 840
107 223.515000 220.796000 1384
108 220.170000 220.711000 1207
109 219.843000 220.590000 1147
110 219.725000 220.478000 1085
111 218.107000 220.170000 1128
112 218.531000 219.959000 1145
113 220.781000 220.055000 1050
114 219.701000 220.000000 897
115 219.107000 219.877000 899
116 218.867000 219.747000 903
117 220.563000 219.839000 861
118 220.625000 219.931000 829
119 218.321000 219.719000 856
120 220.498000 219.812000 827
121 222.592000 220.152000 1302
122 219.439000 220.052000 1177
123 218.145000 219.806000 1202
124 220.566000 219.889000 1068
125 217.342000 219.569000 1115
126 215.592000 219.030000 1215
127 218.580000 218.963000 1045
128 218.663000 218.916000 878
129 219.799000 219.019000 865
130 217.190000 218.789000 895
131 220.424000 218.982000 1058
132 220.743000 219.197000 1222
133 222.466000 219.598000 1719
134 219.655000 219.599000 1291
135 222.145000 219.909000 1588
136 219.041000 219.793000 1423
137 221.189000 219.961000 1404
138 221.756000 220.179000 1489
139 221.362000 220.320000 1398
140 220.726000 220.363000 1136
141 222.072000 220.570000 1265
142 220.282000 220.522000 1045
143 218.713000 220.289000 1071
144 221.491000 220.431000 1087
145 220.066000 220.377000 924
146 219.101000 220.209000 937
147 220.707000 220.261000 806
148 220.616000 220.298000 680
149 219.568000 220.206000 682
150 219.067000 220.054000 698
151 218.292000 219.825000 733
152 218.993000 219.711000 739
153 219.632000 219.692000 593
154 219.361000 219.645000 537
155 216.536000 219.250000 619
156 220.121000 219.352000 669
157 220.323000 219.461000 720
158 217.522000 219.211000 759
159 217.439000 218.983000 793
160 219.111000 218.991000 610
161 217.968000 218.856000 625
162 216.175000 218.518000 689
163 221.377000 218.869000 1219
164 219.930000 218.993000 1163
165 219.913000 219.102000 1089
166 216.860000 218.815000 1127
167 220.114000 218.968000 1151
168 220.233000 219.123000 1173
169 217.190000 218.874000 1198
170 219.559000 218.951000 1053
171 219.979000 219.072000 1033
172 219.123000 219.068000 783
173 220.767000 219.280000 1011
174 219.801000 219.336000 870
175 221.187000 219.562000 1105
176 220.032000 219.614000 933
177 222.805000 220.005000 1482
178 216.984000 219.621000 1531
179 217.055000 219.293000 1565
180 218.943000 219.241000 1279
181 220.306000 219.359000 1197
182 219.817000 219.410000 999
183 219.681000 219.435000 799
184 219.919000 219.492000 713
185 220.749000 219.640000 831
186 217.994000 219.430000 857
187 219.102000 219.378000 747
188 217.490000 219.135000 784
189 221.424000 219.416000 1149
190 220.620000 219.561000 1151
191 220.460000 219.661000 1065
192 216.844000 219.310000 1119
193 218.339000 219.171000 1117
194 220.279000 219.306000 1107
195 220.942000 219.500000 1219
196 223.032000 219.934000 1783
197 221.962000 220.180000 1828
198 219.162000 220.047000 1637
199 222.187000 220.307000 1747
200 219.539000 220.203000 1518
[FINAL]:
Server Throughput=4594.425060 Byte/s
AverageUPL=219.730000
    AverageRTT=219.683000
    tcpi_retransmits=0
    tcpi_rto=424000
    tcpi_lost=0
    tcpi_retrans=0
    tcpi_snd_cwnd=18
    tcpi_snd_ssthresh=2147483647
    tcpi_total_retrans=0
101 217.490000 235.160000 10085
102 216.426000 232.834000 10351
103 217.536000 230.916000 10507
104 223.482000 229.982000 9749
105 219.215000 228.628000 9782
106 220.799000 227.642000 9308
107 219.489000 226.620000 9026
108 221.732000 225.997000 8016
109 219.901000 225.228000 7550
110 215.494000 224.005000 7619
111 221.515000 223.687000 6350
112 217.793000 222.948000 6240
113 222.761000 222.911000 4754
114 220.829000 222.637000 4113
115 217.662000 222.008000 4142
116 218.828000 221.601000 3920
117 223.246000 221.795000 3329
118 221.455000 221.747000 2594
119 220.742000 221.613000 2213
120 225.139000 222.047000 2527
121 220.554000 221.858000 2274
122 221.450000 221.796000 1828
123 221.850000 221.795000 1373
124 216.976000 221.187000 1482
125 222.473000 221.340000 1419
126 220.270000 221.202000 1342
127 217.820000 220.771000 1407
128 221.837000 220.898000 1309
129 216.081000 220.288000 1420
130 219.810000 220.221000 1199
131 222.720000 220.530000 1516
132 219.179000 220.353000 1490
133 220.767000 220.395000 1201
134 220.463000 220.395000 902
135 223.166000 220.734000 1353
136 218.394000 220.434000 1386
137 221.986000 220.618000 1407
138 222.481000 220.843000 1506
139 222.972000 221.103000 1649
140 219.767000 220.929000 1585
141 220.227000 220.835000 1377
142 222.579000 221.046000 1455
143 221.427000 221.087000 1174
144 222.036000 221.198000 1103
145 219.782000 221.014000 1114
146 221.230000 221.034000 875
147 217.735000 220.614000 953
148 221.336000 220.695000 876
149 220.548000 220.671000 704
150 220.648000 220.670000 531
151 220.335000 220.614000 509
152 221.051000 220.662000 477
153 223.578000 221.021000 1075
154 220.910000 220.996000 856
155 220.976000 220.986000 662
156 219.386000 220.779000 693
157 217.903000 220.409000 763
158 221.888000 220.585000 925
159 219.620000 220.451000 929
160 220.984000 220.507000 808
161 220.577000 220.512000 617
162 218.080000 220.202000 675
163 216.223000 219.698000 780
164 220.303000 219.764000 717
165 217.432000 219.464000 770
166 221.503000 219.714000 1077
167 218.094000 219.503000 1096
168 218.805000 219.409000 1010
169 218.869000 219.341000 894
170 218.168000 219.184000 906
171 221.835000 219.507000 1326
172 218.643000 219.390000 1229
173 219.972000 219.457000 1056
174 222.425000 219.827000 1532
175 219.729000 219.807000 1190
176 222.661000 220.156000 1591
177 221.201000 220.278000 1437
178 220.166000 220.258000 1117
179 221.525000 220.405000 1131
180 219.916000 220.330000 998
181 218.355000 220.079000 1030
182 222.957000 220.432000 1477
183 223.518000 220.811000 1866
184 222.498000 221.016000 1810
185 217.543000 220.575000 1864
186 220.357000 220.538000 1470
187 220.066000 220.471000 1237
188 220.928000 220.525000 1035
189 218.869000 220.310000 1057
190 223.554000 220.709000 1589
191 218.077000 220.375000 1623
192 219.389000 220.242000 1482
193 218.020000 219.964000 1505
194 222.355000 220.253000 1708
195 219.447000 220.144000 1499
196 218.439000 219.926000 1506
197 218.943000 219.796000 1389
198 220.767000 219.914000 1276
199 219.930000 219.906000 973
200 216.968000 219.532000 1036
[FINAL]:
Server Throughput=4287.236806 Byte/s
AverageUPL=220.238000
    AverageRTT=221.452000
    tcpi_retransmits=0
    tcpi_rto=420000
    tcpi_lost=0
    tcpi_retrans=0
    tcpi_snd_cwnd=18
    tcpi_snd_ssthresh=2147483647
    tcpi_total_retrans=0
101 221.012000 219.760000 1195
102 222.169000 220.083000 1542
103 222.574000 220.382000 1755
104 220.372000 220.379000 1323
105 220.584000 220.398000 1031
106 216.838000 219.948000 1112
107 223.244000 220.351000 1639
108 218.945000 220.170000 1591
109 220.661000 220.223000 1300
110 221.862000 220.419000 1367
111 218.332000 220.156000 1390
112 217.538000 219.816000 1432
113 219.327000 219.751000 1205
114 220.563000 219.842000 1085
115 219.503000 219.794000 909
116 219.266000 219.723000 825
117 218.994000 219.626000 811
118 221.456000 219.845000 1047
119 221.655000 220.066000 1227
120 219.922000 220.042000 969
121 220.422000 220.084000 811
122 220.268000 220.098000 636
123 218.848000 219.930000 658
124 222.464000 220.242000 1118
125 217.313000 219.871000 1176
126 219.807000 219.855000 915
127 220.823000 219.969000 916
128 219.849000 219.949000 727
129 218.652000 219.777000 747
130 223.007000 220.178000 1361
131 219.739000 220.118000 1141
132 220.269000 220.129000 878
133 219.032000 219.987000 886
134 222.291000 220.266000 1223
135 220.068000 220.235000 980
136 221.353000 220.367000 999
137 218.492000 220.123000 1029
138 219.526000 220.044000 930
139 220.483000 220.091000 792
140 222.538000 220.391000 1193
141 219.761000 220.305000 1066
142 220.541000 220.323000 837
143 218.046000 220.036000 882
144 223.367000 220.439000 1467
145 216.504000 219.943000 1545
146 222.887000 220.302000 1877
147 217.932000 220.000000 1893
148 218.504000 219.804000 1811
149 218.643000 219.662000 1642
150 219.062000 219.577000 1402
151 216.867000 219.229000 1445
152 221.899000 219.557000 1741
153 219.081000 219.493000 1435
154 218.535000 219.369000 1324
155 221.315000 219.604000 1465
156 221.507000 219.833000 1557
157 219.312000 219.769000 1297
158 218.594000 219.614000 1282
159 219.074000 219.535000 1121
160 218.217000 219.367000 1127
161 218.558000 219.260000 1060
162 218.569000 219.168000 978
163 218.623000 219.095000 881
164 218.890000 219.064000 721
165 221.712000 219.393000 1197
166 217.499000 219.148000 1221
167 219.388000 219.164000 949
168 220.271000 219.299000 981
169 220.215000 219.410000 957
170 222.061000 219.735000 1368
171 217.036000 219.391000 1411
172 218.708000 219.299000 1241
173 222.681000 219.715000 1763
174 221.061000 219.876000 1644
175 219.209000 219.785000 1415
176 220.605000 219.883000 1257
177 217.313000 219.556000 1299
178 218.958000 219.479000 1127
179 219.073000 219.418000 968
180 217.672000 219.192000 994
181 220.584000 219.359000 1079
182 219.295000 219.346000 835
183 220.442000 219.477000 888
184 218.760000 219.369000 882
185 221.213000 219.592000 1108
186 223.173000 220.032000 1710
187 222.099000 220.286000 1790
188 214.578000 219.565000 1914
189 230.499000 220.923000 4151
190 281.180000 228.449000 18167
191 265.450000 233.069000 22863
192 281.316000 239.094000 29198
193 280.985000 244.324000 32360
194 281.272000 248.935000 33490
195 281.324000 252.976000 33201
196 280.861000 256.457000 31862
197 281.201000 259.543000 30068
198 281.159000 262.238000 27941
199 281.065000 264.588000 25656
200 281.275000 266.664000 23395
[FINAL]:
Server Throughput=4500.881092 Byte/s
AverageUPL=226.555000
    AverageRTT=223.208000
    tcpi_retransmits=0
    tcpi_rto=468000
    tcpi_lost=0
    tcpi_retrans=0
    tcpi_snd_cwnd=10
    tcpi_snd_ssthresh=2147483647
    tcpi_total_retrans=0
101 223.409000 220.332000 1731
102 220.779000 220.409000 1453
103 218.780000 220.196000 1461
104 222.134000 220.432000 1567
105 221.482000 220.554000 1420
106 220.185000 220.504000 1166
107 222.090000 220.698000 1263
108 219.076000 220.486000 1277
109 218.679000 220.253000 1295
110 218.467000 220.027000 1311
111 219.622000 219.857000 1312
112 217.603000 219.567000 1344
113 218.540000 219.437000 1268
114 218.624000 219.329000 1166
115 218.621000 219.235000 1062
116 218.632000 219.155000 957
117 218.680000 219.084000 860
118 218.580000 219.019000 775
119 220.055000 219.140000 823
120 216.062000 218.756000 893
121 221.730000 219.117000 1392
122 217.885000 218.957000 1364
123 221.678000 219.290000 1688
124 219.218000 219.273000 1299
125 221.748000 219.576000 1581
126 220.663000 219.706000 1446
127 218.841000 219.592000 1313
128 217.524000 219.325000 1339
129 220.229000 219.432000 1219
130 217.717000 219.210000 1236
131 219.572000 219.255000 1018
132 221.396000 219.509000 1271
133 220.156000 219.584000 1104
134 220.284000 219.664000 988
135 219.032000 219.579000 912
136 217.367000 219.300000 953
137 222.002000 219.631000 1376
138 218.261000 219.452000 1378
139 221.020000 219.640000 1410
140 220.717000 219.770000 1317
141 218.665000 219.625000 1278
142 218.914000 219.522000 1165
143 233.309000 221.236000 4302
144 281.164000 228.718000 18190
145 280.998000 235.249000 26705
146 281.267000 240.995000 31520
147 281.180000 246.012000 33675
148 281.344000 250.419000 34070
149 280.845000 254.219000 33151
150 261.949000 255.178000 26782
151 218.178000 250.546000 27103
152 222.256000 247.005000 27141
153 221.502000 243.813000 26741
154 223.164000 241.223000 25236
155 218.666000 238.397000 24577
156 221.509000 236.281000 22667
157 218.047000 233.994000 21573
158 219.667000 232.203000 19761
159 217.585000 230.361000 18505
160 220.261000 229.093000 16416
161 216.909000 227.563000 15371
162 219.170000 226.509000 13637
163 219.830000 225.667000 11910
164 221.251000 225.107000 10053
165 219.015000 224.338000 9079
166 218.757000 223.631000 8223
167 218.155000 222.939000 7550
168 219.920000 222.557000 6427
169 218.124000 221.997000 5940
170 216.793000 221.342000 5766
171 222.776000 221.515000 4672
172 221.308000 221.485000 3564
173 217.317000 220.955000 3585
174 222.280000 221.111000 3002
175 220.274000 220.999000 2475
176 221.702000 221.077000 2013
177 220.355000 220.986000 1691
178 219.621000 220.805000 1632
179 221.700000 220.907000 1428
180 221.142000 220.933000 1123
181 219.607000 220.753000 1133
182 216.382000 220.193000 1237
183 218.646000 219.993000 1249
184 220.725000 220.079000 1110
185 220.976000 220.185000 1044
186 222.170000 220.425000 1263
187 218.683000 220.202000 1280
188 222.180000 220.439000 1432
189 218.399000 220.178000 1452
190 218.115000 219.913000 1473
191 220.225000 219.942000 1162
192 219.281000 219.847000 1062
193 220.335000 219.903000 908
194 218.074000 219.668000 938
195 221.495000 219.890000 1146
196 217.651000 219.605000 1182
197 221.265000 219.804000 1284
198 221.845000 220.053000 1462
199 221.964000 220.281000 1553
200 220.869000 220.347000 1296
[FINAL]:
Server Throughput=4526.073487 Byte/s
AverageUPL=224.028000
    AverageRTT=223.935000
    tcpi_retransmits=0
    tcpi_rto=424000
    tcpi_lost=0
    tcpi_retrans=0
    tcpi_snd_cwnd=10
    tcpi_snd_ssthresh=2147483647
    tcpi_total_retrans=0
101 221.888000 220.733000 1455
102 218.621000 220.474000 1474
103 219.671000 220.366000 1322
104 218.300000 220.097000 1347
105 221.135000 220.223000 1261
106 220.999000 220.313000 1126
107 219.008000 220.143000 1133
108 223.145000 220.511000 1587
109 219.008000 220.316000 1581
110 219.979000 220.264000 1290
111 222.722000 220.567000 1574
112 220.374000 220.530000 1256
113 220.948000 220.580000 1043
114 219.364000 220.420000 1050
115 221.907000 220.599000 1146
116 218.586000 220.340000 1175
117 220.580000 220.362000 926
118 217.803000 220.037000 978
119 218.739000 219.866000 990
120 220.525000 219.949000 907
121 218.759000 219.789000 919
122 222.072000 220.068000 1246
123 219.129000 219.942000 1185
124 221.415000 220.117000 1238
125 221.889000 220.334000 1363
126 219.917000 220.275000 1142
127 218.702000 220.071000 1157
128 220.201000 220.079000 883
129 217.277000 219.721000 945
130 218.792000 219.595000 947
131 220.108000 219.649000 818
132 218.574000 219.509000 827
133 221.036000 219.691000 985
134 220.585000 219.793000 941
135 219.471000 219.745000 801
136 218.115000 219.535000 828
137 221.306000 219.747000 1045
138 221.759000 219.994000 1277
139 221.333000 220.149000 1268
140 217.423000 219.802000 1315
141 218.974000 219.694000 1204
142 219.040000 219.602000 1085
143 222.794000 219.997000 1603
144 217.730000 219.711000 1624
145 252.118000 223.747000 9290
146 281.251000 230.927000 21328
147 281.130000 237.196000 28533
148 281.015000 242.666000 32340
149 281.193000 247.476000 33874
150 265.640000 249.740000 29934
151 281.275000 253.675000 30321
152 281.005000 257.080000 29552
153 281.280000 260.095000 28193
154 281.059000 262.709000 26373
155 281.253000 265.018000 24398
156 281.116000 267.023000 22308
157 281.198000 268.788000 20261
158 281.281000 270.342000 18303
159 261.981000 269.290000 15831
160 219.534000 263.064000 16893
161 221.926000 257.914000 17652
162 223.249000 253.574000 18185
163 219.859000 249.354000 18672
164 221.728000 245.897000 18953
165 218.985000 242.524000 19204
166 217.174000 239.352000 19396
167 220.160000 236.943000 19366
168 222.714000 235.148000 18115
169 219.669000 233.207000 17466
170 221.231000 231.701000 16112
171 221.858000 230.466000 14555
172 219.116000 229.042000 13764
173 223.474000 228.335000 11736
174 223.821000 227.762000 9948
175 217.337000 226.453000 9965
176 222.414000 225.940000 8500
177 217.771000 224.906000 8442
178 218.459000 224.093000 7958
179 217.794000 223.298000 7558
180 221.513000 223.066000 6133
181 221.731000 222.893000 4946
182 216.454000 222.082000 4994
183 223.327000 222.236000 4054
184 221.727000 222.163000 3187
185 221.020000 222.009000 2698
186 217.718000 221.466000 2749
187 220.775000 221.372000 2250
188 219.722000 221.162000 2108
189 217.954000 220.756000 2143
190 218.553000 220.470000 2148
191 223.423000 220.833000 2337
192 218.715000 220.560000 2299
193 223.164000 220.879000 2362
194 221.240000 220.918000 1849
195 220.429000 220.849000 1525
196 219.206000 220.635000 1531
197 217.756000 220.267000 1575
198 218.548000 220.046000 1580
199 220.507000 220.095000 1284
200 221.321000 220.242000 1256
[FINAL]:
Server Throughput=4505.010506 Byte/s
AverageUPL=228.665000
    AverageRTT=228.630000
    tcpi_retransmits=0
    tcpi_rto=424000
    tcpi_lost=0
    tcpi_retrans=0
    tcpi_snd_cwnd=10
    tcpi_snd_ssthresh=2147483647
    tcpi_total_retrans=0
101 219.863000 220.351000 1433
102 220.305000 220.364000 1100
103 220.205000 220.336000 880
104 219.645000 220.244000 844
105 222.079000 220.466000 1077
106 222.454000 220.708000 1292
107 217.564000 220.307000 1352
108 221.712000 220.477000 1353
109 217.762000 220.126000 1399
110 223.022000 220.482000 1760
111 224.751000 221.013000 2383
112 219.801000 220.848000 2119
113 219.443000 220.665000 1956
114 219.564000 220.517000 1762
115 220.436000 220.497000 1362
116 216.913000 220.042000 1433
117 222.141000 220.292000 1575
118 220.820000 220.355000 1307
119 221.633000 220.505000 1280
120 221.029000 220.559000 1068
121 218.514000 220.302000 1099
122 221.316000 220.424000 1068
123 220.699000 220.451000 856
124 219.388000 220.311000 864
125 221.851000 220.496000 1018
126 220.284000 220.463000 828
127 221.645000 220.603000 901
128 220.519000 220.581000 719
129 219.424000 220.419000 737
130 218.435000 220.173000 776
131 217.342000 219.808000 842
132 219.719000 219.790000 668
133 217.297000 219.471000 727
134 218.912000 219.395000 699
135 220.533000 219.534000 802
136 218.833000 219.436000 796
137 217.692000 219.210000 828
138 220.086000 219.308000 818
139 221.240000 219.537000 1070
140 219.560000 219.542000 812
141 221.912000 219.828000 1181
142 220.785000 219.940000 1111
143 219.627000 219.896000 921
144 217.740000 219.618000 962
145 220.329000 219.701000 887
146 219.369000 219.653000 762
147 221.680000 219.898000 1061
148 219.881000 219.888000 814
149 219.056000 219.772000 818
150 217.182000 219.443000 874
151 218.804000 219.356000 829
152 219.238000 219.332000 670
153 220.427000 219.456000 749
154 220.397000 219.575000 801
155 220.377000 219.662000 774
156 220.729000 219.788000 832
157 216.874000 219.416000 899
158 222.166000 219.749000 1340
159 219.249000 219.684000 1136
160 218.095000 219.476000 1152
161 220.794000 219.630000 1172
162 217.665000 219.377000 1199
163 218.248000 219.236000 1180
164 222.314000 219.613000 1640
165 220.415000 219.707000 1418
166 220.202000 219.762000 1173
167 218.900000 219.647000 1110
168 219.480000 219.619000 888
169 219.016000 219.538000 829
170 218.314000 219.378000 843
171 221.116000 219.586000 1048
172 220.954000 219.749000 1112
173 220.802000 219.877000 1089
174 217.250000 219.537000 1140
175 220.149000 219.607000 994
176 220.995000 219.775000 1082
177 222.050000 220.041000 1344
178 218.928000 219.900000 1289
179 222.107000 220.166000 1499
180 219.616000 220.092000 1272
181 218.083000 219.835000 1297
182 218.708000 219.688000 1266
183 217.604000 219.421000 1293
184 222.709000 219.823000 1773
185 221.352000 220.006000 1697
186 220.467000 220.053000 1367
187 223.103000 220.421000 1761
188 217.747000 220.083000 1790
189 220.893000 220.178000 1534
190 219.497000 220.085000 1336
191 222.547000 220.388000 1608
192 218.572000 220.157000 1615
193 218.530000 219.953000 1616
194 218.617000 219.783000 1552
195 217.385000 219.473000 1581
196 215.971000 219.032000 1642
197 219.560000 219.096000 1359
198 218.603000 219.024000 1164
199 223.515000 219.573000 1971
200 219.950000 219.613000 1558
[FINAL]:
Server Throughput=4596.379717 Byte/s
AverageUPL=219.910000
    AverageRTT=219.910000
    tcpi_retransmits=0
    tcpi_rto=420000
    tcpi_lost=0
    tcpi_retrans=0
    tcpi_snd_cwnd=10
    tcpi_snd_ssthresh=2147483647
    tcpi_total_retrans=0
101 220.508000 219.211000 1104
102 216.991000 218.955000 1134
103 218.426000 218.879000 1002
104 219.207000 218.909000 812
105 220.392000 219.087000 964
106 219.410000 219.121000 792
107 219.150000 219.118000 600
108 217.794000 218.946000 624
109 219.282000 218.978000 533
110 221.236000 219.254000 951
111 218.839000 219.194000 831
112 219.872000 219.273000 781
113 220.145000 219.376000 791
114 222.674000 219.777000 1395
115 221.274000 219.957000 1407
116 220.458000 220.014000 1169
117 219.604000 219.946000 1012
118 216.802000 219.548000 1080
119 218.725000 219.439000 1027
120 220.621000 219.575000 1042
121 220.711000 219.718000 1068
122 218.936000 219.610000 1016
123 219.593000 219.601000 781
124 216.752000 219.239000 847
125 217.486000 219.014000 877
126 220.148000 219.150000 931
127 220.090000 219.261000 919
128 216.357000 218.891000 983
129 222.293000 219.308000 1571
130 219.157000 219.289000 1216
131 221.874000 219.602000 1538
132 220.042000 219.653000 1256
133 223.141000 220.081000 1797
134 221.262000 220.221000 1629
135 220.198000 220.210000 1244
136 221.538000 220.371000 1253
137 220.094000 220.328000 1025
138 218.822000 220.137000 1041
139 218.769000 219.962000 1052
140 218.644000 219.793000 1061
141 218.721000 219.655000 1063
142 218.670000 219.526000 1055
143 217.633000 219.280000 1083
144 223.860000 219.837000 1927
145 220.103000 219.874000 1519
146 221.280000 220.038000 1467
147 219.192000 219.929000 1319
148 221.555000 220.122000 1377
149 220.435000 220.154000 1095
150 218.056000 219.885000 1128
151 219.677000 219.851000 913
152 220.985000 219.986000 954
153 219.984000 219.980000 727
154 219.234000 219.880000 729
155 220.292000 219.923000 634
156 221.957000 220.169000 967
157 220.313000 220.177000 742
158 217.415000 219.829000 805
159 218.709000 219.684000 816
160 219.496000 219.653000 674
161 219.590000 219.629000 554
162 217.423000 219.349000 606
163 219.655000 219.381000 518
164 222.352000 219.750000 1126
165 220.761000 219.867000 1080
166 220.955000 219.996000 1068
167 220.968000 220.104000 1016
168 219.785000 220.060000 848
169 218.667000 219.885000 866
170 211.618000 218.845000 1099
171 216.763000 218.576000 1131
172 215.902000 218.240000 1180
173 211.675000 217.410000 1350
174 221.888000 217.962000 2118
175 222.592000 218.532000 2727
176 221.651000 218.894000 2770
177 220.526000 219.090000 2470
178 218.740000 219.032000 1968
179 219.294000 219.065000 1542
180 217.874000 218.907000 1473
181 218.001000 218.787000 1344
182 222.262000 219.203000 1840
183 219.608000 219.252000 1478
184 222.086000 219.595000 1794
185 220.173000 219.661000 1477
186 219.883000 219.679000 1145
187 220.270000 219.747000 994
188 218.533000 219.595000 1001
189 221.462000 219.822000 1204
190 217.719000 219.552000 1234
191 222.539000 219.916000 1652
192 219.702000 219.882000 1307
193 220.382000 219.939000 1095
194 218.142000 219.704000 1119
195 222.443000 220.039000 1509
196 213.536000 219.224000 1665
197 222.291000 219.598000 1996
198 222.331000 219.936000 2172
199 220.151000 219.952000 1662
200 222.882000 220.306000 1954
[FINAL]:
Server Throughput=4595.716011 Byte/s
AverageUPL=219.679000
    AverageRTT=219.533000
    tcpi_retransmits=0
    tcpi_rto=424000
    tcpi_lost=0
    tcpi_retrans=0
    tcpi_snd_cwnd=10
    tcpi_snd_ssthresh=2147483647
    tcpi_total_retrans=0
