101 432.030000 209.143000 2406
102 432.608000 209.065000 1962
103 431.485000 208.890000 1820
104 434.768000 208.991000 1567
105 432.415000 208.899000 1359
106 431.291000 208.617000 1387
107 434.249000 208.715000 1236
108 432.991000 208.729000 955
109 431.253000 208.461000 993
110 436.195000 208.437000 792
111 439.120000 208.460000 640
112 432.557000 208.398000 604
113 431.589000 208.377000 496
114 430.213000 208.234000 516
115 429.939000 208.380000 681
116 430.200000 208.287000 683
117 430.681000 208.352000 641
118 427.699000 208.179000 664
119 426.541000 208.098000 660
120 426.795000 208.109000 517
121 428.100000 208.065000 476
122 427.900000 208.066000 358
123 424.963000 208.023000 355
124 426.386000 208.007000 298
125 433.035000 208.955000 2120
126 424.654000 208.628000 2136
127 425.682000 208.587000 1683
128 427.952000 208.751000 1589
129 424.313000 208.676000 1341
130 425.723000 208.706000 1064
131 424.070000 208.531000 1075
132 426.380000 208.323000 1093
133 427.077000 208.305000 855
134 427.786000 208.299000 652
135 428.162000 208.369000 629
136 430.937000 208.145000 665
137 427.626000 208.224000 658
138 425.947000 208.179000 584
139 426.506000 208.146000 505
140 426.330000 208.136000 397
141 425.669000 208.112000 347
142 426.305000 207.933000 381
143 425.557000 207.833000 394
144 426.283000 208.007000 643
145 425.479000 207.924000 644
146 426.255000 208.057000 748
147 425.030000 208.084000 615
148 424.411000 207.874000 649
149 428.975000 208.738000 2216
150 425.169000 208.582000 1975
151 425.177000 208.579000 1487
152 425.532000 208.396000 1481
153 425.013000 208.164000 1492
154 429.048000 208.435000 1660
155 428.270000 208.382000 1351
156 426.084000 208.313000 1153
157 426.559000 208.183000 1123
158 427.147000 208.180000 850
159 428.182000 208.338000 953
160 425.813000 208.280000 830
161 426.091000 208.186000 812
162 426.219000 208.143000 693
163 425.753000 207.984000 711
164 425.738000 208.034000 633
165 425.828000 207.976000 591
166 424.746000 207.875000 597
167 426.781000 207.969000 636
168 425.368000 207.798000 659
169 426.352000 207.956000 810
170 425.491000 207.872000 776
171 425.317000 207.892000 620
172 424.826000 207.882000 484
173 424.689000 208.000000 598
174 424.605000 208.102000 653
175 424.816000 208.347000 980
176 425.038000 208.286000 857
177 424.146000 208.118000 872
178 424.682000 208.188000 794
179 424.616000 208.278000 775
180 424.945000 208.293000 611
181 426.126000 208.328000 529
182 423.264000 208.230000 537
183 424.506000 208.252000 445
184 421.830000 208.121000 464
185 423.243000 207.918000 500
186 423.303000 207.851000 501
187 425.011000 208.069000 811
188 424.409000 208.199000 869
189 424.078000 208.228000 709
190 419.860000 207.957000 754
191 421.627000 207.866000 749
192 421.880000 207.895000 619
193 420.699000 207.788000 627
194 421.182000 207.527000 672
195 420.674000 207.580000 612
196 423.074000 207.691000 680
197 423.858000 207.846000 820
198 423.359000 207.908000 738
199 420.556000 207.808000 740
200 419.855000 207.572000 776
[FINAL]:
Client Throughput=2.423569 Byte/s
AverageUPL=426.585000
    AverageRTT=208.221000
    tcpi_retransmits=0
    tcpi_rto=408000
    tcpi_lost=0
    tcpi_retrans=0
    tcpi_snd_cwnd=18
    tcpi_snd_ssthresh=2147483647
    tcpi_total_retrans=1
101 567.929000 235.509000 27847
102 534.914000 233.343000 25217
103 517.143000 231.638000 22322
104 498.664000 229.874000 20269
105 494.104000 228.761000 17427
106 486.003000 227.748000 15097
107 479.790000 226.423000 13973
108 471.280000 225.272000 12782
109 681.176000 224.630000 10869
110 471.579000 223.411000 10590
111 473.474000 222.535000 9696
112 460.358000 221.378000 9585
113 456.623000 220.093000 9606
114 452.778000 218.868000 9612
115 452.713000 218.050000 8845
116 447.019000 216.888000 8859
117 445.957000 215.661000 8889
118 443.402000 214.871000 8246
119 440.974000 213.997000 7934
120 439.212000 213.203000 7537
121 435.955000 212.535000 6988
122 436.270000 211.867000 6577
123 437.070000 211.333000 6002
124 434.982000 210.976000 5215
125 433.101000 210.682000 4500
126 435.076000 210.523000 3693
127 432.258000 210.076000 3664
128 432.641000 209.724000 3451
129 433.479000 209.538000 2960
130 433.216000 209.249000 2799
131 433.670000 209.046000 2504
132 436.885000 209.108000 2001
133 431.750000 208.914000 1889
134 432.978000 208.926000 1440
135 433.329000 209.011000 1251
136 431.332000 208.892000 1177
137 430.058000 208.652000 1200
138 435.155000 208.757000 1109
139 431.218000 208.683000 981
140 431.704000 208.425000 1014
141 432.297000 208.093000 1066
142 434.781000 208.303000 1218
143 431.098000 208.130000 1223
144 435.078000 208.438000 1534
145 434.036000 208.417000 1193
146 432.019000 208.427000 915
147 433.919000 208.504000 840
148 433.215000 208.394000 841
149 432.157000 208.396000 634
150 433.729000 208.524000 732
151 432.496000 208.336000 756
152 432.536000 208.392000 679
153 431.101000 208.398000 521
154 432.146000 208.391000 406
155 432.884000 208.300000 416
156 429.789000 208.313000 340
157 430.390000 208.393000 413
158 433.044000 208.564000 652
159 429.766000 208.356000 683
160 431.819000 208.337000 551
161 432.201000 208.150000 580
162 433.200000 208.345000 827
163 434.310000 208.428000 786
164 431.682000 208.155000 829
165 430.962000 208.185000 682
166 432.326000 207.978000 712
167 433.638000 207.988000 553
168 434.866000 208.188000 816
169 433.020000 208.255000 746
170 698.181000 242.848000 69745
171 426.823000 238.563000 60880
172 426.054000 234.754000 53279
173 423.935000 231.313000 46840
174 424.111000 228.541000 40675
175 421.252000 225.986000 35615
176 421.787000 223.488000 31708
177 422.714000 221.604000 27549
178 422.319000 219.723000 24424
179 423.498000 218.412000 20939
180 424.257000 217.332000 17864
181 421.372000 216.263000 15536
182 421.529000 215.153000 13873
183 423.172000 214.291000 12129
184 422.155000 213.403000 10872
185 421.063000 212.715000 9530
186 422.317000 212.153000 8271
187 421.031000 211.634000 7242
188 420.277000 211.120000 6459
189 422.591000 210.746000 5593
190 422.739000 210.447000 4793
191 424.290000 210.307000 3875
192 421.445000 210.041000 3437
193 421.346000 209.648000 3364
194 421.821000 209.380000 3059
195 424.226000 209.307000 2440
196 423.816000 209.283000 1879
197 418.542000 208.882000 1920
198 419.473000 208.601000 1931
199 423.568000 208.728000 1702
200 422.293000 208.780000 1382
[FINAL]:
Client Throughput=2.488366 Byte/s
AverageUPL=443.057000
    AverageRTT=214.215000
    tcpi_retransmits=0
    tcpi_rto=412000
    tcpi_lost=0
    tcpi_retrans=0
    tcpi_snd_cwnd=18
    tcpi_snd_ssthresh=2147483647
    tcpi_total_retrans=1
101 443.320000 213.408000 6748
102 441.317000 212.887000 6102
103 438.421000 212.189000 5973
104 437.660000 211.621000 5616
105 436.539000 211.223000 5008
106 438.408000 210.777000 4648
107 436.102000 210.635000 3770
108 434.315000 210.229000 3640
109 430.392000 209.704000 3657
110 434.205000 209.532000 3085
111 435.273000 209.604000 2458
112 432.904000 209.633000 1902
113 434.414000 209.541000 1612
114 434.845000 209.553000 1233
115 432.443000 209.433000 1165
116 431.626000 209.240000 1176
117 434.686000 209.301000 1004
118 433.665000 209.180000 995
119 432.512000 209.114000 879
120 433.394000 209.062000 762
121 433.754000 209.003000 691
122 430.341000 208.608000 768
123 431.260000 208.640000 640
124 432.837000 208.578000 603
125 431.028000 208.711000 718
126 432.007000 208.700000 559
127 432.856000 208.656000 507
128 433.305000 208.766000 599
129 432.765000 208.617000 617
130 430.796000 208.474000 634
131 431.824000 208.672000 873
132 430.239000 208.471000 896
133 433.984000 208.664000 1058
134 432.285000 208.547000 1027
135 434.594000 208.717000 1109
136 431.896000 208.628000 1009
137 430.815000 208.547000 920
138 432.812000 208.526000 731
139 434.059000 208.705000 908
140 431.504000 208.510000 928
141 430.159000 208.388000 929
142 430.637000 208.450000 821
143 431.934000 208.463000 642
144 434.133000 208.603000 761
145 432.413000 208.523000 729
146 431.031000 208.463000 667
147 432.229000 208.378000 667
148 432.375000 208.318000 621
149 431.821000 208.260000 580
150 433.977000 208.459000 833
151 627.194000 208.361000 821
152 430.849000 208.463000 821
153 432.237000 208.620000 929
154 430.565000 208.800000 1058
155 429.843000 208.676000 1042
156 430.055000 208.583000 967
157 430.051000 208.710000 979
158 427.815000 208.662000 830
159 434.494000 208.764000 826
160 428.471000 208.627000 835
161 429.160000 208.636000 644
162 429.670000 208.617000 521
163 429.696000 208.742000 641
164 427.776000 208.827000 650
165 427.716000 208.797000 546
166 426.656000 208.771000 461
167 428.899000 208.701000 464
168 426.633000 208.610000 472
169 427.179000 208.667000 469
170 427.655000 208.714000 445
171 428.000000 208.739000 383
172 426.952000 208.645000 394
173 425.213000 208.461000 428
174 424.310000 208.277000 461
175 426.809000 208.331000 453
176 427.756000 208.248000 460
177 425.632000 208.279000 407
178 425.178000 208.185000 418
179 425.611000 208.206000 356
180 426.628000 208.155000 357
181 424.994000 208.009000 382
182 426.701000 208.059000 386
183 426.593000 208.003000 388
184 425.877000 207.967000 363
185 425.411000 207.915000 365
186 427.245000 207.915000 274
187 424.302000 207.736000 310
188 425.404000 207.793000 345
189 425.637000 208.024000 721
190 424.470000 207.810000 752
191 424.810000 207.787000 609
192 426.270000 207.922000 727
193 424.482000 207.722000 754
194 423.031000 207.484000 790
195 426.368000 207.667000 958
196 426.777000 207.681000 748
197 424.512000 207.571000 752
198 426.237000 207.611000 644
199 425.307000 207.760000 781
200 425.568000 207.785000 636
[FINAL]:
Client Throughput=2.476285 Byte/s
AverageUPL=432.268000
    AverageRTT=208.760000
    tcpi_retransmits=0
    tcpi_rto=408000
    tcpi_lost=0
    tcpi_retrans=0
    tcpi_snd_cwnd=18
    tcpi_snd_ssthresh=2147483647
    tcpi_total_retrans=1
101 434.199000 210.673000 2987
102 434.311000 210.401000 2784
103 433.195000 210.065000 2759
104 432.847000 210.050000 2101
105 430.243000 209.878000 1918
106 430.207000 209.402000 1977
107 432.229000 209.446000 1571
108 428.845000 209.007000 1632
109 428.382000 208.765000 1641
110 428.562000 208.720000 1321
111 429.541000 209.001000 1553
112 428.384000 209.021000 1204
113 428.269000 209.071000 1003
114 429.941000 208.984000 925
115 426.523000 208.891000 880
116 428.499000 208.944000 765
117 428.619000 208.901000 660
118 428.287000 208.941000 575
119 427.050000 208.969000 489
120 428.540000 208.944000 417
121 426.937000 208.875000 422
122 425.011000 208.797000 428
123 424.926000 208.531000 481
124 422.549000 208.438000 489
125 423.689000 208.103000 557
126 425.231000 208.044000 535
127 424.856000 208.028000 434
128 426.109000 208.053000 375
129 424.961000 208.095000 366
130 426.184000 208.172000 429
131 425.424000 208.030000 451
132 425.513000 208.000000 398
133 425.683000 207.807000 434
134 425.208000 207.750000 435
135 424.658000 207.790000 406
136 423.906000 207.774000 337
137 422.779000 207.623000 364
138 423.248000 207.759000 544
139 423.300000 207.903000 697
140 422.992000 208.016000 748
141 422.683000 208.134000 798
142 422.920000 208.176000 682
143 419.845000 208.002000 704
144 422.565000 207.996000 540
145 422.184000 207.965000 466
146 422.347000 208.104000 627
147 422.975000 208.133000 528
148 422.312000 208.079000 503
149 422.089000 208.175000 569
150 420.947000 208.126000 524
151 420.118000 208.108000 429
152 420.855000 208.079000 380
153 421.135000 208.077000 289
154 420.500000 208.002000 299
155 420.627000 207.969000 290
156 419.962000 207.761000 333
157 419.865000 207.709000 335
158 424.425000 207.654000 338
159 424.721000 207.619000 325
160 424.910000 207.772000 551
161 427.876000 208.031000 930
162 425.712000 208.064000 765
163 424.599000 208.133000 712
164 426.351000 208.146000 558
165 424.298000 208.144000 422
166 423.773000 208.163000 355
167 423.699000 207.976000 390
168 423.630000 208.001000 341
169 423.030000 208.031000 316
170 421.906000 207.968000 322
171 422.501000 208.063000 431
172 422.431000 207.971000 441
173 423.252000 208.049000 486
174 422.129000 207.923000 502
175 422.858000 207.990000 510
176 423.844000 208.115000 632
177 422.728000 208.027000 634
178 421.820000 207.944000 634
179 423.019000 207.950000 488
180 423.327000 208.152000 769
181 423.654000 208.330000 933
182 419.007000 208.208000 934
183 420.449000 207.942000 971
184 422.502000 207.976000 797
185 422.427000 207.981000 608
186 420.540000 207.999000 490
187 419.333000 207.682000 554
188 420.443000 207.652000 476
189 421.242000 207.602000 456
190 422.697000 207.703000 545
191 422.231000 207.750000 503
192 420.463000 207.761000 399
193 422.707000 207.765000 306
194 422.088000 207.744000 270
195 420.909000 207.663000 282
196 422.273000 207.727000 340
197 423.383000 207.722000 267
198 421.612000 207.850000 456
199 423.723000 207.884000 411
200 421.919000 207.902000 345
[FINAL]:
Client Throughput=2.410317 Byte/s
AverageUPL=424.342000
    AverageRTT=208.249000
    tcpi_retransmits=0
    tcpi_rto=408000
    tcpi_lost=0
    tcpi_retrans=0
    tcpi_snd_cwnd=18
    tcpi_snd_ssthresh=2147483647
    tcpi_total_retrans=0
101 313.834000 208.680000 406
102 315.007000 208.660000 346
103 315.909000 208.608000 348
104 315.298000 208.639000 323
105 315.718000 208.613000 295
106 314.825000 208.551000 301
107 316.156000 208.576000 275
108 315.578000 208.642000 339
109 315.281000 208.673000 316
110 315.261000 208.692000 275
111 315.376000 208.726000 274
112 316.556000 208.660000 282
113 315.910000 208.610000 285
114 315.117000 208.846000 685
115 315.169000 208.839000 527
116 315.760000 208.869000 457
117 314.956000 208.821000 439
118 315.352000 208.814000 344
119 314.960000 208.771000 343
120 315.669000 208.821000 356
121 315.305000 208.841000 306
122 314.647000 208.820000 270
123 316.354000 208.826000 213
124 315.347000 208.836000 181
125 316.368000 208.864000 191
126 315.417000 208.873000 161
127 316.346000 208.891000 156
128 315.667000 208.938000 212
129 314.685000 208.876000 221
130 316.113000 208.762000 242
131 314.846000 208.769000 194
132 800.594000 216.329000 15267
133 827.317000 224.345000 27482
134 827.804000 231.404000 34729
135 827.389000 237.570000 38380
136 1327.634000 242.967000 39579
137 827.654000 247.702000 39154
138 781.446000 251.837000 37635
139 682.974000 248.129000 35644
140 606.815000 245.109000 32771
141 561.548000 241.951000 30895
142 522.166000 238.104000 30866
143 502.294000 234.904000 29548
144 487.533000 232.280000 27411
145 477.683000 229.886000 25346
146 466.592000 227.457000 23868
147 462.573000 225.340000 22134
148 457.543000 223.362000 20557
149 451.556000 221.647000 18848
150 449.487000 220.094000 17241
151 447.325000 218.665000 15788
152 441.813000 217.462000 14247
153 441.000000 216.174000 13262
154 437.760000 215.082000 12131
155 437.861000 214.135000 10992
156 436.182000 213.419000 9676
157 434.176000 212.618000 8859
158 436.311000 211.992000 7896
159 436.521000 211.491000 6925
160 437.599000 211.053000 6068
161 435.718000 210.634000 5391
162 432.125000 210.302000 4707
163 436.040000 210.302000 3532
164 433.892000 209.792000 3549
165 437.051000 209.815000 2707
166 431.776000 209.486000 2689
167 434.150000 209.190000 2608
168 435.559000 209.189000 1959
169 433.135000 209.003000 1841
170 435.031000 208.964000 1460
171 432.062000 208.858000 1307
172 435.658000 209.019000 1303
173 436.045000 209.367000 1672
174 434.116000 209.274000 1438
175 433.483000 209.334000 1197
176 432.696000 209.075000 1224
177 433.743000 209.235000 1237
178 432.726000 209.143000 1111
179 432.570000 208.938000 1128
180 432.473000 208.924000 872
181 431.313000 208.928000 662
182 430.563000 208.940000 519
183 432.019000 209.006000 521
184 430.199000 208.994000 414
185 431.573000 209.149000 621
186 428.001000 209.093000 579
187 429.497000 209.032000 557
188 430.435000 208.998000 485
189 430.485000 209.069000 507
190 429.261000 209.219000 681
191 429.850000 209.153000 643
192 426.654000 208.901000 686
193 428.513000 208.881000 556
194 427.959000 208.949000 555
195 427.530000 209.043000 603
196 429.499000 209.122000 610
197 427.043000 209.090000 520
198 426.265000 208.959000 537
199 427.359000 208.965000 415
200 428.371000 208.837000 434
[FINAL]:
Client Throughput=2.604896 Byte/s
AverageUPL=437.763000
    AverageRTT=214.220000
    tcpi_retransmits=0
    tcpi_rto=412000
    tcpi_lost=0
    tcpi_retrans=0
    tcpi_snd_cwnd=18
    tcpi_snd_ssthresh=2147483647
    tcpi_total_retrans=0
101 1979.498000 220.016000 1422
102 1979.009000 219.557000 1492
103 1980.266000 219.673000 1351
104 1978.556000 219.642000 1073
105 1989.904000 219.579000 931
106 1979.721000 219.459000 932
107 1986.896000 219.554000 890
108 1987.486000 219.300000 926
109 1982.939000 219.335000 765
110 1982.593000 219.350000 602
111 1986.856000 219.453000 659
112 1976.399000 219.366000 660
113 1990.342000 219.810000 1383
114 1976.115000 219.539000 1408
115 1986.032000 219.418000 1297
116 1990.786000 219.525000 1187
117 1982.914000 219.454000 1032
118 1977.852000 219.406000 869
119 1986.279000 219.707000 1254
120 1977.475000 219.806000 1138
121 1981.088000 219.428000 1197
122 1983.929000 219.407000 941
123 1982.000000 219.409000 709
124 1980.303000 219.669000 1053
125 1982.202000 219.933000 1318
126 1992.658000 219.836000 1183
127 1985.851000 219.724000 1111
128 1982.671000 219.424000 1151
129 1976.688000 219.379000 953
130 1985.561000 219.457000 872
131 1981.133000 219.733000 1206
132 1981.828000 219.424000 1246
133 1992.479000 219.472000 1030
134 1985.758000 219.625000 1078
135 1983.599000 219.673000 904
136 1989.955000 219.699000 731
137 1986.920000 219.673000 600
138 1981.164000 219.925000 954
139 1985.066000 219.878000 809
140 1994.306000 219.913000 678
141 1978.718000 219.675000 716
142 1987.378000 219.552000 724
143 1993.153000 219.854000 1148
144 1985.216000 219.990000 1134
145 1986.689000 220.292000 1453
146 1986.327000 220.539000 1585
147 1979.719000 220.309000 1593
148 1979.301000 220.051000 1607
149 1983.972000 219.992000 1324
150 1981.832000 219.890000 1196
151 1980.385000 219.859000 960
152 1988.385000 219.781000 877
153 1983.264000 220.105000 1306
154 1983.556000 219.566000 1400
155 1986.234000 219.640000 1198
156 1985.331000 219.290000 1248
157 1999.572000 219.685000 1727
158 2446.737000 219.538000 1589
159 2406.215000 227.191000 16498
160 1979.957000 226.127000 14501
161 1987.912000 225.413000 12304
162 1973.848000 224.275000 11504
163 1986.303000 223.760000 9660
164 1981.237000 223.547000 7670
165 1984.232000 223.017000 6813
166 1984.851000 222.087000 6832
167 1987.614000 221.851000 5596
168 1987.054000 221.905000 4305
169 1983.421000 221.733000 3573
170 1982.772000 221.703000 2740
171 1987.300000 221.454000 2552
172 1973.370000 220.886000 2614
173 1990.911000 220.895000 1979
174 1989.308000 220.336000 2057
175 1990.179000 220.563000 1996
176 1977.146000 220.398000 1826
177 1983.259000 220.167000 1827
178 1978.594000 219.904000 1835
179 1982.233000 219.869000 1445
180 1986.115000 220.221000 1788
181 1983.825000 219.915000 1809
182 1986.591000 219.956000 1438
183 1982.521000 220.199000 1565
184 1977.402000 219.670000 1648
185 1985.086000 219.600000 1377
186 1976.107000 219.608000 1048
187 1981.081000 219.521000 960
188 1982.494000 219.451000 858
189 1995.333000 219.609000 959
190 1992.778000 219.943000 1388
191 1988.783000 220.053000 1261
192 1974.374000 219.902000 1249
193 1987.293000 219.980000 1092
194 1981.387000 220.172000 1205
195 1983.798000 219.861000 1245
196 1976.350000 219.718000 1219
197 1975.850000 219.419000 1256
198 1992.443000 219.486000 1076
199 1976.311000 218.993000 1166
200 1983.306000 218.912000 1036
[FINAL]:
Client Throughput=0.497282 Byte/s
AverageUPL=1992.757000
    AverageRTT=220.225000
    tcpi_retransmits=0
    tcpi_rto=420000
    tcpi_lost=0
    tcpi_retrans=0
    tcpi_snd_cwnd=10
    tcpi_snd_ssthresh=2147483647
    tcpi_total_retrans=0
101 2378.769000 226.432000 10851
102 2029.072000 231.024000 17323
103 1989.600000 229.512000 16015
104 1987.510000 228.523000 13989
105 1988.418000 227.445000 12647
106 1981.451000 226.562000 11252
107 1989.942000 225.403000 10757
108 1982.512000 224.683000 9509
109 1980.812000 224.116000 8265
110 1982.436000 223.268000 7894
111 1982.153000 222.653000 7151
112 1981.566000 222.328000 6014
113 1981.046000 221.724000 5717
114 1980.522000 221.020000 5697
115 1984.268000 221.237000 4708
116 1995.842000 221.399000 3854
117 1988.375000 221.495000 3083
118 1985.012000 220.997000 3111
119 1985.463000 220.973000 2383
120 1981.665000 221.187000 2216
121 1975.761000 220.614000 2290
122 1988.179000 220.573000 1801
123 1992.226000 220.612000 1430
124 1994.771000 220.430000 1431
125 1979.891000 220.400000 1133
126 1987.210000 220.175000 1154
127 1979.804000 219.678000 1242
128 2092.653000 219.944000 1463
129 2510.845000 227.543000 16296
130 1980.153000 226.250000 14809
131 1992.011000 225.423000 12759
132 1979.095000 224.408000 11599
133 1989.715000 224.070000 9377
134 1977.545000 223.755000 7661
135 1980.292000 223.162000 6933
136 1994.165000 222.799000 5926
137 1978.731000 222.175000 5692
138 1988.893000 222.022000 4575
139 1979.725000 221.927000 3622
140 1986.986000 221.436000 3631
141 1992.433000 221.137000 3322
142 1988.796000 220.831000 3103
143 1987.763000 220.564000 2861
144 1988.293000 220.822000 2660
145 1989.878000 220.628000 2381
146 1981.355000 220.586000 1871
147 1989.160000 220.217000 1904
148 1981.717000 220.136000 1590
149 1985.307000 219.831000 1616
150 1980.038000 219.750000 1375
151 2446.973000 219.955000 1442
152 2143.401000 227.589000 16349
153 1987.335000 226.519000 14402
154 1976.765000 225.667000 12505
155 1990.379000 224.890000 10933
156 1993.763000 224.231000 9518
157 1985.490000 223.774000 8052
158 2344.280000 222.802000 7983
159 2546.380000 230.077000 20537
160 2546.079000 236.446000 28140
161 2545.965000 242.007000 32228
162 2546.803000 246.920000 33998
163 2247.758000 251.117000 33891
164 1991.259000 247.065000 33521
165 1987.349000 243.503000 32265
166 1985.381000 240.831000 29543
167 1985.627000 238.236000 27347
168 1976.305000 235.933000 25116
169 1989.012000 233.745000 23213
170 1985.909000 232.103000 20694
171 1974.629000 230.524000 18679
172 1984.342000 228.947000 17163
173 1980.567000 227.863000 15040
174 1986.911000 227.157000 12693
175 1989.220000 226.088000 11657
176 1998.792000 225.513000 9893
177 1986.238000 224.905000 8636
178 1995.852000 224.430000 7426
179 2234.227000 223.664000 7102
180 2546.204000 230.824000 19647
181 2283.205000 237.097000 27282
182 1980.966000 235.120000 24417
183 1985.398000 233.300000 21952
184 1990.012000 231.398000 20268
185 1990.044000 229.885000 18227
186 1983.625000 228.615000 16211
187 1988.268000 227.794000 13800
188 1982.733000 226.611000 12715
189 1983.355000 225.425000 11910
190 1981.809000 224.454000 10873
191 1987.297000 223.819000 9426
192 2473.821000 223.332000 8043
193 2545.980000 230.502000 20372
194 2025.155000 234.395000 23065
195 1985.264000 232.544000 20999
196 1978.972000 230.441000 19957
197 1982.605000 228.876000 18096
198 1988.667000 227.814000 15697
199 1985.910000 226.898000 13606
200 1997.273000 226.390000 11220
[FINAL]:
Client Throughput=0.491021 Byte/s
AverageUPL=2053.093000
    AverageRTT=226.619000
    tcpi_retransmits=0
    tcpi_rto=428000
    tcpi_lost=0
    tcpi_retrans=0
    tcpi_snd_cwnd=10
    tcpi_snd_ssthresh=2147483647
    tcpi_total_retrans=0
101 1982.182000 230.682000 18690
102 1985.846000 229.068000 17246
103 1981.450000 227.896000 15279
104 1985.308000 226.674000 13904
105 1985.613000 226.047000 11681
106 1991.180000 225.320000 10214
107 3618.804000 224.843000 8614
108 2506.653000 229.928000 16631
109 2081.268000 228.233000 15863
110 1990.954000 227.442000 13480
111 1980.762000 226.255000 12484
112 1984.652000 225.134000 11605
113 1984.497000 224.782000 9407
114 1989.396000 224.471000 7677
115 1986.972000 223.790000 7121
116 2168.935000 223.083000 6754
117 2041.575000 227.982000 14863
118 1991.354000 226.654000 13803
119 1988.860000 225.914000 11834
120 1982.785000 225.128000 10446
121 1993.896000 224.722000 8646
122 1978.530000 223.775000 8380
123 1980.152000 223.366000 7102
124 1984.198000 222.791000 6477
125 1993.670000 222.848000 4971
126 1984.725000 222.663000 4097
127 1995.004000 222.076000 4116
128 1976.877000 221.587000 4066
129 1983.886000 221.196000 3830
130 1990.438000 220.883000 3499
131 1984.365000 220.824000 2741
132 1992.755000 220.964000 2335
133 1994.952000 221.219000 2262
134 2211.840000 220.844000 2285
135 1988.918000 220.877000 1781
136 1979.344000 220.704000 1682
137 1988.284000 220.557000 1556
138 1987.503000 220.576000 1206
139 1983.112000 220.337000 1228
140 2487.312000 220.526000 1299
141 2531.520000 228.053000 16028
142 2544.746000 234.527000 24969
143 2140.276000 240.375000 30424
144 1986.215000 237.616000 28336
145 1983.262000 235.025000 26434
146 1989.464000 233.219000 23439
147 1989.089000 231.525000 20966
148 1986.918000 230.115000 18546
149 2112.546000 228.809000 16520
150 2547.765000 235.321000 25414
151 2197.208000 241.005000 30429
152 1980.721000 238.181000 28470
153 2000.914000 235.789000 26135
154 1978.525000 233.800000 23581
155 1988.765000 231.523000 22239
156 1989.630000 230.206000 19313
157 1976.776000 228.976000 16946
158 1989.781000 227.521000 15619
159 1985.264000 226.721000 13314
160 2315.787000 226.156000 11115
161 2534.747000 233.021000 22067
162 1987.956000 231.283000 20026
163 1987.814000 229.644000 18298
164 1980.619000 228.434000 16145
165 1985.263000 226.975000 15026
166 1982.346000 226.091000 13037
167 1988.520000 225.368000 11224
168 1990.268000 224.812000 9531
169 1984.390000 224.557000 7657
170 1985.459000 224.173000 6512
171 1988.901000 223.588000 6054
172 2426.435000 225.914000 9193
173 1992.059000 225.491000 7740
174 1990.769000 224.884000 7018
175 1989.426000 224.011000 7011
176 1988.969000 223.291000 6697
177 1979.463000 222.952000 5701
178 1987.684000 222.219000 5706
179 2044.863000 221.566000 5585
180 2549.302000 229.393000 19842
181 2546.271000 235.844000 27784
182 2546.154000 241.549000 32247
183 2003.001000 240.414000 26456
184 1991.560000 237.749000 25171
185 1986.855000 235.568000 23239
186 1989.083000 233.635000 21296
187 1985.154000 231.917000 19409
188 1988.664000 230.094000 18202
189 1993.311000 229.303000 15234
190 1982.041000 227.867000 14297
191 1989.113000 226.990000 12477
192 2204.535000 225.975000 11387
193 1984.587000 225.484000 9523
194 1980.900000 224.646000 8818
195 1985.367000 224.329000 7248
196 1984.102000 223.509000 7075
197 1990.015000 223.400000 5525
198 1979.721000 222.715000 5514
199 1990.696000 222.309000 4947
200 1990.053000 222.213000 3903
[FINAL]:
Client Throughput=0.486794 Byte/s
AverageUPL=2073.204000
    AverageRTT=227.203000
    tcpi_retransmits=0
    tcpi_rto=424000
    tcpi_lost=0
    tcpi_retrans=0
    tcpi_snd_cwnd=10
    tcpi_snd_ssthresh=2147483647
    tcpi_total_retrans=0
101 2021.133000 219.832000 1209
102 2387.983000 227.437000 16119
103 1995.221000 226.638000 13687
104 1976.963000 225.550000 12442
105 1989.173000 224.746000 10940
106 1986.779000 224.444000 8809
107 1981.779000 223.959000 7575
108 1989.475000 223.587000 6427
109 1989.881000 223.174000 5645
110 1990.239000 222.561000 5460
111 1981.608000 222.275000 4668
112 1988.775000 221.811000 4428
113 1990.119000 221.360000 4223
114 1988.391000 221.084000 3719
115 1976.109000 220.696000 3565
116 1991.999000 220.398000 3270
117 1991.905000 220.654000 2965
118 1987.644000 220.723000 2361
119 1993.096000 220.885000 2096
120 1979.044000 220.696000 1951
121 1980.216000 220.391000 1966
122 1987.600000 220.449000 1590
123 1979.904000 220.316000 1458
124 1978.582000 220.402000 1266
125 1993.301000 220.046000 1316
126 1987.293000 219.632000 1378
127 1988.760000 219.841000 1450
128 1985.345000 220.225000 1857
129 1984.870000 220.053000 1737
130 1974.351000 219.709000 1769
131 2044.950000 219.933000 1775
132 2561.281000 227.483000 16431
133 2561.724000 234.162000 25682
134 2342.004000 240.004000 30945
135 1987.492000 237.294000 28629
136 1983.668000 235.208000 25645
137 1991.046000 233.416000 22817
138 1983.054000 231.648000 20649
139 1993.101000 230.413000 17957
140 1980.267000 228.767000 16759
141 1982.725000 227.980000 14144
142 1987.570000 226.793000 12981
143 1982.110000 225.832000 11658
144 1986.511000 225.025000 10358
145 1987.527000 224.413000 8993
146 1981.681000 223.788000 7994
147 1978.063000 223.203000 7165
148 1979.664000 223.155000 5470
149 2152.147000 223.026000 4361
150 2560.220000 230.041000 17302
151 2561.627000 236.382000 25657
152 2056.801000 239.657000 25793
153 1978.271000 236.847000 24964
154 1980.654000 234.297000 23824
155 1985.691000 232.514000 21433
156 1983.330000 230.867000 19369
157 1988.763000 229.488000 17285
158 2494.327000 228.430000 15079
159 2561.732000 234.981000 24411
160 2039.469000 238.523000 25393
161 1985.441000 236.011000 24071
162 1984.648000 233.906000 22262
163 1986.221000 232.208000 20093
164 1982.091000 230.757000 17971
165 1984.810000 229.243000 16507
166 1984.900000 228.212000 14441
167 2210.724000 227.188000 12880
168 2561.617000 233.885000 23055
169 2561.732000 239.777000 29075
170 2545.991000 244.920000 32092
171 2561.892000 249.452000 33133
172 2180.393000 253.398000 32743
173 1994.758000 249.492000 32369
174 1991.388000 245.861000 31540
175 1978.334000 242.587000 30202
176 1986.625000 239.948000 27931
177 1978.125000 237.618000 25608
178 1980.686000 235.608000 23226
179 1984.870000 233.442000 21751
180 1986.342000 231.741000 19715
181 1992.378000 230.212000 17844
182 1983.847000 228.645000 16518
183 1994.295000 227.494000 14690
184 1984.004000 226.900000 12205
185 1981.871000 225.932000 11090
186 1989.516000 224.803000 10575
187 1990.615000 224.094000 9351
188 1988.337000 223.654000 7892
189 1980.612000 222.844000 7539
190 1985.074000 222.542000 6258
191 1990.167000 222.530000 4718
192 1977.284000 221.817000 4749
193 1985.499000 221.719000 3758
194 1982.008000 221.325000 3606
195 1977.883000 220.960000 3434
196 1990.807000 221.147000 2950
197 1980.531000 220.709000 2968
198 1978.421000 220.686000 2271
199 2438.916000 220.163000 2331
200 1973.696000 219.863000 2333
[FINAL]:
Client Throughput=0.485552 Byte/s
AverageUPL=2062.123000
    AverageRTT=227.904000
    tcpi_retransmits=0
    tcpi_rto=420000
    tcpi_lost=0
    tcpi_retrans=0
    tcpi_snd_cwnd=10
    tcpi_snd_ssthresh=2147483647
    tcpi_total_retrans=0
101 1985.199000 219.636000 1048
102 1984.258000 219.929000 1372
103 1991.757000 220.151000 1473
104 1991.481000 220.024000 1359
105 1994.171000 220.005000 1057
106 1977.000000 220.019000 822
107 1982.757000 219.891000 828
108 1985.102000 219.603000 874
109 1988.838000 219.764000 979
110 2217.992000 225.976000 13158
111 1977.279000 224.908000 12005
112 1990.577000 224.085000 10650
113 1994.869000 223.954000 8248
114 1991.915000 223.614000 6868
115 1984.256000 223.341000 5696
116 2315.187000 222.828000 5298
117 2546.563000 230.044000 18405
118 2431.403000 236.297000 26310
119 1985.594000 234.275000 23776
120 1981.930000 232.736000 20909
121 1985.308000 231.176000 18803
122 1989.688000 229.877000 16700
123 1984.595000 228.308000 15663
124 1987.379000 227.271000 13822
125 1981.727000 225.814000 13280
126 1981.921000 224.712000 12163
127 1989.338000 224.151000 10245
128 1980.854000 223.567000 8852
129 1982.276000 223.137000 7498
130 1984.005000 222.655000 6589
131 1988.941000 222.651000 4949
132 1983.828000 222.391000 4231
133 1988.366000 222.133000 3690
134 1987.440000 221.974000 3086
135 1992.438000 221.772000 2717
136 1984.164000 221.435000 2712
137 1985.135000 221.349000 2207
138 1988.765000 221.158000 2036
139 1983.195000 221.306000 1822
140 1977.071000 220.982000 1846
141 1991.011000 220.920000 1510
142 1980.481000 220.752000 1468
143 1986.941000 220.810000 1216
144 1983.024000 220.411000 1278
145 1977.169000 220.528000 1193
146 1991.684000 220.210000 1235
147 1979.816000 220.143000 1061
148 1992.648000 220.435000 1381
149 1977.718000 220.043000 1436
150 1985.117000 220.226000 1444
151 1978.626000 220.088000 1359
152 1980.218000 219.884000 1368
153 1978.821000 219.736000 1322
154 1984.122000 219.463000 1349
155 1979.374000 219.275000 1353
156 1977.805000 219.303000 1071
157 1975.212000 219.155000 1074
158 1986.498000 219.090000 936
159 1994.703000 219.323000 1170
160 2470.918000 219.047000 1202
161 2374.424000 226.813000 16433
162 1988.467000 225.800000 14352
163 1980.011000 224.872000 12619
164 1984.586000 224.060000 11088
165 1984.314000 223.700000 9037
166 1992.276000 223.159000 7858
167 1984.231000 222.579000 7055
168 1983.434000 222.158000 6133
169 1976.656000 221.448000 6019
170 1982.245000 221.532000 4682
171 1988.999000 220.891000 4696
172 1991.522000 220.517000 4269
173 1989.685000 220.538000 3243
174 1984.033000 220.322000 2864
175 1987.579000 220.480000 2463
176 1988.845000 220.449000 1908
177 1982.972000 220.430000 1468
178 1979.950000 220.006000 1528
179 1982.531000 220.084000 1301
180 1986.490000 219.728000 1349
181 1988.507000 219.630000 1208
182 1977.878000 219.811000 1269
183 1991.940000 220.008000 1345
184 1981.768000 219.885000 1255
185 1979.297000 219.990000 1151
186 1983.222000 219.968000 906
187 1977.470000 219.817000 915
188 1982.721000 219.988000 1029
189 1984.464000 220.316000 1427
190 1974.735000 220.146000 1411
191 1983.972000 219.995000 1360
192 1975.486000 219.447000 1455
193 1980.096000 219.715000 1627
194 1997.875000 220.010000 1811
195 1979.773000 219.808000 1762
196 1980.757000 219.689000 1561
197 1984.180000 219.599000 1350
198 1984.275000 219.883000 1581
199 1980.341000 219.857000 1237
200 1986.235000 220.022000 1256
[FINAL]:
Client Throughput=0.499594 Byte/s
AverageUPL=2009.047000
    AverageRTT=221.948000
    tcpi_retransmits=0
    tcpi_rto=424000
    tcpi_lost=0
    tcpi_retrans=0
    tcpi_snd_cwnd=10
    tcpi_snd_ssthresh=2147483647
    tcpi_total_retrans=0
