101 431.506000 208.510000 760
102 431.845000 207.964000 815
103 432.891000 208.038000 670
104 433.192000 208.065000 637
105 433.902000 207.829000 571
106 431.105000 207.554000 465
107 433.973000 208.000000 834
108 434.843000 208.270000 825
109 431.168000 207.675000 416
110 433.512000 207.878000 1061
111 436.622000 209.387000 3534
112 439.031000 207.826000 556
113 432.354000 207.446000 1190
114 432.071000 207.841000 836
115 431.576000 208.329000 1047
116 429.697000 207.900000 428
117 431.584000 208.149000 890
118 429.519000 207.201000 683
119 426.909000 206.680000 320
120 427.422000 207.636000 348
121 427.637000 207.875000 834
122 428.339000 208.294000 604
123 427.683000 207.636000 595
124 426.267000 207.569000 1052
125 432.998000 208.819000 2366
126 425.191000 207.469000 549
127 426.082000 207.338000 386
128 426.960000 207.500000 609
129 428.014000 207.815000 1271
130 424.233000 207.329000 516
131 424.429000 207.149000 444
132 424.759000 207.271000 779
133 427.703000 207.580000 866
134 427.268000 208.000000 1066
135 428.444000 207.535000 880
136 426.676000 207.375000 197
137 432.388000 208.263000 1631
138 427.512000 207.332000 663
139 427.076000 207.061000 646
140 426.564000 207.154000 768
141 425.425000 207.070000 316
142 425.762000 207.451000 894
143 427.058000 207.425000 758
144 426.571000 207.566000 1222
145 426.332000 207.166000 655
146 425.212000 207.506000 393
147 427.247000 207.422000 798
148 424.432000 206.575000 797
149 424.855000 207.588000 1112
150 429.000000 207.366000 718
151 426.569000 207.765000 718
152 424.375000 209.655000 3090
153 424.705000 207.596000 913
154 426.274000 207.557000 561
155 429.933000 208.324000 789
156 429.324000 207.457000 1052
157 425.212000 207.666000 502
158 428.130000 207.219000 1102
159 427.530000 207.478000 1085
160 428.166000 207.780000 806
161 424.918000 207.575000 658
162 427.473000 207.302000 560
163 425.510000 207.258000 365
164 427.180000 207.439000 752
165 425.479000 207.340000 713
166 425.451000 207.358000 457
167 426.237000 207.609000 858
168 425.358000 207.171000 360
169 426.995000 207.642000 707
170 425.690000 207.257000 599
171 426.702000 207.690000 742
172 425.107000 207.301000 775
173 424.694000 207.023000 592
174 425.928000 206.794000 794
175 424.958000 207.443000 494
176 424.561000 207.558000 881
177 424.908000 207.902000 698
178 425.400000 207.922000 738
179 425.012000 207.865000 997
180 424.905000 208.270000 861
181 425.118000 208.455000 784
182 425.713000 208.254000 766
183 424.421000 207.771000 569
184 422.785000 207.630000 602
185 422.244000 207.613000 403
186 423.579000 207.830000 422
187 425.089000 207.832000 1233
188 425.253000 207.869000 1150
189 424.022000 207.908000 824
190 422.092000 207.419000 659
191 422.126000 207.857000 675
192 422.632000 207.675000 851
193 420.688000 207.564000 459
194 419.855000 207.485000 677
195 423.410000 207.929000 887
196 420.947000 207.706000 503
197 423.466000 207.739000 620
198 424.717000 208.080000 887
199 422.151000 207.867000 439
200 420.076000 207.492000 604
[FINAL]:
Server Throughput=243612.893217 Byte/s
AverageUPL=426.959000
    AverageRTT=207.678000
    tcpi_retransmits=0
    tcpi_rto=408000
    tcpi_lost=0
    tcpi_retrans=0
    tcpi_snd_cwnd=146
    tcpi_snd_ssthresh=34
    tcpi_total_retrans=1
101 608.364000 220.008000 1016
102 564.399000 218.832000 335
103 536.239000 219.950000 301
104 516.021000 218.891000 513
105 502.014000 219.600000 1663
106 494.305000 219.865000 1382
107 482.721000 217.799000 923
108 480.167000 218.749000 210
109 472.150000 218.907000 731
110 681.636000 217.669000 902
111 471.592000 215.467000 305
112 472.603000 214.327000 804
113 458.912000 211.938000 340
114 455.512000 210.587000 1539
115 455.217000 211.379000 932
116 450.840000 210.726000 855
117 446.452000 209.327000 1330
118 448.117000 209.729000 932
119 442.919000 208.674000 207
120 439.718000 208.380000 415
121 440.751000 209.016000 488
122 434.995000 207.695000 597
123 437.733000 208.094000 426
124 437.339000 207.934000 1020
125 435.317000 207.690000 721
126 434.760000 208.256000 784
127 432.465000 207.744000 691
128 433.981000 208.202000 781
129 432.950000 207.901000 675
130 433.608000 207.851000 572
131 432.833000 207.855000 925
132 435.531000 208.311000 1002
133 436.145000 207.796000 636
134 433.138000 207.790000 785
135 433.326000 207.931000 769
136 432.438000 208.086000 490
137 430.171000 207.450000 763
138 433.243000 208.206000 614
139 434.174000 207.797000 941
140 430.108000 207.540000 685
141 432.097000 207.767000 535
142 435.032000 208.276000 696
143 432.218000 207.574000 626
144 435.723000 208.634000 1185
145 432.623000 207.537000 587
146 434.366000 208.093000 673
147 433.566000 207.521000 953
148 433.089000 207.751000 589
149 434.534000 208.247000 1056
150 432.532000 208.108000 691
151 432.473000 207.835000 437
152 434.118000 207.914000 1118
153 432.118000 207.899000 618
154 430.778000 207.579000 638
155 432.733000 207.855000 682
156 433.076000 207.766000 995
157 430.658000 207.734000 373
158 431.397000 207.961000 692
159 431.207000 208.011000 733
160 430.537000 207.543000 654
161 432.294000 208.264000 634
162 433.793000 208.249000 942
163 433.664000 208.198000 951
164 432.135000 208.019000 540
165 432.733000 208.081000 501
166 430.807000 207.924000 1029
167 433.295000 207.832000 938
168 435.214000 207.644000 1289
169 435.062000 208.262000 915
170 709.623000 272.981000 113875
171 422.122000 208.711000 1101
172 426.669000 207.876000 1075
173 424.665000 207.531000 746
174 425.775000 207.740000 525
175 423.692000 208.260000 580
176 419.947000 207.098000 380
177 424.951000 208.037000 1139
178 420.411000 207.104000 307
179 425.069000 207.761000 1151
180 424.054000 208.379000 768
181 424.270000 207.782000 1160
182 420.305000 208.113000 531
183 421.679000 207.970000 515
184 423.670000 208.129000 691
185 422.164000 207.764000 393
186 421.089000 208.244000 180
187 422.547000 208.067000 472
188 421.598000 207.701000 581
189 420.082000 207.912000 546
190 424.306000 208.003000 1287
191 423.143000 208.003000 1159
192 424.572000 208.273000 871
193 420.014000 207.474000 472
194 422.108000 207.770000 612
195 423.218000 207.799000 1072
196 425.385000 208.351000 1305
197 420.953000 207.596000 490
198 418.954000 207.351000 674
199 421.757000 207.838000 910
200 423.584000 207.821000 1141
[FINAL]:
Server Throughput=250263.032704 Byte/s
AverageUPL=445.111000
    AverageRTT=209.994000
    tcpi_retransmits=0
    tcpi_rto=408000
    tcpi_lost=0
    tcpi_retrans=0
    tcpi_snd_cwnd=146
    tcpi_snd_ssthresh=34
    tcpi_total_retrans=0
101 443.722000 208.979000 697
102 442.265000 208.856000 821
103 441.534000 208.605000 644
104 438.804000 208.874000 719
105 438.970000 208.476000 691
106 436.994000 208.654000 530
107 439.144000 209.238000 1162
108 435.309000 208.304000 534
109 433.346000 208.180000 445
110 432.843000 208.219000 393
111 435.315000 208.324000 1034
112 435.487000 208.228000 1105
113 432.145000 208.124000 505
114 435.705000 208.571000 1127
115 433.720000 207.817000 743
116 432.818000 207.937000 387
117 433.292000 208.108000 698
118 433.780000 207.984000 825
119 433.808000 208.284000 911
120 432.903000 208.062000 390
121 433.632000 208.269000 715
122 432.598000 207.733000 736
123 431.959000 208.201000 639
124 431.422000 208.213000 693
125 433.179000 208.089000 626
126 431.274000 208.435000 680
127 432.153000 207.732000 951
128 434.641000 208.290000 974
129 431.598000 207.889000 827
130 433.616000 208.010000 665
131 432.705000 208.234000 433
132 429.096000 207.561000 858
133 433.680000 208.534000 891
134 432.813000 208.121000 487
135 433.873000 208.185000 945
136 434.289000 208.369000 746
137 431.318000 207.634000 731
138 431.358000 207.924000 477
139 434.074000 208.255000 1034
140 431.556000 207.921000 675
141 432.730000 208.045000 468
142 430.956000 207.823000 704
143 432.349000 208.092000 704
144 431.688000 208.032000 678
145 433.388000 208.210000 717
146 432.768000 207.810000 613
147 431.413000 207.539000 441
148 432.352000 207.961000 496
149 432.948000 207.918000 905
150 433.256000 208.128000 905
151 432.849000 208.485000 900
152 628.531000 208.117000 978
153 431.532000 208.067000 651
154 432.448000 208.066000 1063
155 429.929000 207.962000 578
156 429.506000 207.278000 652
157 430.433000 207.949000 767
158 430.585000 208.026000 862
159 428.979000 208.072000 607
160 433.308000 208.263000 402
161 429.201000 207.828000 718
162 429.142000 207.816000 550
163 431.197000 208.512000 915
164 430.070000 207.890000 719
165 428.030000 207.801000 642
166 427.207000 207.350000 659
167 427.381000 207.533000 441
168 429.077000 208.395000 817
169 427.344000 208.140000 618
170 427.398000 207.589000 839
171 427.857000 207.838000 716
172 427.651000 207.788000 799
173 426.775000 207.512000 815
174 425.225000 207.454000 552
175 425.944000 207.798000 530
176 425.720000 207.472000 526
177 429.455000 207.941000 804
178 424.403000 206.726000 622
179 426.492000 207.457000 591
180 425.299000 207.477000 431
181 427.102000 207.525000 730
182 425.552000 207.287000 819
183 426.471000 206.851000 929
184 427.437000 207.165000 960
185 425.949000 207.086000 535
186 425.632000 207.033000 542
187 426.661000 207.538000 401
188 424.658000 206.987000 671
189 426.960000 207.290000 735
190 424.408000 207.183000 461
191 426.058000 207.110000 540
192 425.117000 206.972000 806
193 424.503000 206.774000 406
194 424.635000 206.613000 173
195 425.152000 207.112000 815
196 426.601000 207.637000 914
197 426.083000 207.608000 524
198 425.996000 207.403000 644
199 426.306000 207.432000 995
200 425.395000 207.435000 327
[FINAL]:
Server Throughput=248942.386940 Byte/s
AverageUPL=432.722000
    AverageRTT=207.876000
    tcpi_retransmits=0
    tcpi_rto=408000
    tcpi_lost=0
    tcpi_retrans=0
    tcpi_snd_cwnd=142
    tcpi_snd_ssthresh=34
    tcpi_total_retrans=0
101 434.180000 209.207000 441
102 433.989000 208.961000 561
103 434.075000 208.932000 797
104 434.806000 208.432000 890
105 431.822000 207.794000 503
106 429.172000 207.604000 895
107 433.274000 207.856000 1225
108 429.873000 207.673000 631
109 429.176000 207.092000 875
110 429.805000 207.024000 526
111 431.484000 208.241000 968
112 428.606000 207.565000 1192
113 428.766000 207.874000 817
114 428.577000 207.922000 1075
115 428.780000 207.877000 652
116 428.124000 208.153000 760
117 429.032000 208.046000 493
118 428.498000 207.952000 696
119 428.933000 207.483000 822
120 427.119000 207.381000 952
121 428.780000 208.059000 936
122 425.723000 208.112000 370
123 425.208000 208.106000 716
124 425.138000 208.143000 325
125 421.364000 205.872000 561
126 426.346000 207.507000 1161
127 425.099000 207.775000 567
128 425.586000 207.685000 648
129 426.102000 207.205000 638
130 425.596000 207.244000 584
131 425.443000 207.516000 382
132 425.748000 207.576000 593
133 425.689000 207.491000 770
134 426.768000 207.655000 780
135 425.872000 207.342000 1180
136 424.527000 207.166000 1038
137 423.461000 206.894000 1063
138 424.126000 207.389000 921
139 423.510000 207.416000 638
140 423.185000 207.295000 1054
141 423.731000 207.753000 807
142 422.379000 206.930000 890
143 422.674000 207.530000 809
144 421.403000 207.549000 459
145 422.587000 207.450000 894
146 422.525000 207.402000 839
147 421.766000 207.009000 534
148 423.596000 207.520000 978
149 422.902000 207.733000 752
150 422.513000 207.503000 1060
151 420.464000 207.198000 423
152 420.574000 207.510000 765
153 421.462000 207.232000 703
154 420.823000 206.902000 650
155 420.652000 206.793000 556
156 419.670000 206.740000 730
157 420.544000 206.778000 526
158 420.212000 207.426000 383
159 424.970000 207.262000 473
160 426.054000 208.141000 654
161 425.899000 208.105000 755
162 427.567000 207.850000 890
163 426.114000 207.936000 672
164 424.954000 207.747000 1016
165 426.485000 207.521000 1385
166 424.764000 207.265000 1258
167 422.731000 206.917000 497
168 425.409000 207.710000 1152
169 423.691000 207.570000 843
170 421.935000 207.650000 314
171 423.610000 207.915000 706
172 421.491000 207.521000 442
173 423.968000 207.576000 1068
174 422.663000 208.256000 594
175 423.329000 207.851000 847
176 423.142000 208.109000 755
177 422.844000 207.384000 538
178 423.002000 207.432000 669
179 422.910000 207.940000 926
180 423.696000 207.944000 886
181 423.645000 207.740000 1065
182 422.627000 207.276000 669
183 418.355000 207.611000 1073
184 422.049000 207.784000 807
185 423.219000 207.986000 554
186 422.783000 207.840000 1053
187 418.304000 207.258000 603
188 421.393000 207.941000 856
189 420.356000 207.527000 485
190 421.541000 207.923000 654
191 424.032000 208.500000 680
192 420.743000 207.370000 520
193 421.542000 208.621000 483
194 423.249000 208.482000 506
195 420.807000 208.177000 567
196 422.656000 208.298000 597
197 422.175000 207.440000 453
198 425.028000 208.111000 1222
199 421.738000 207.832000 739
200 423.983000 208.037000 1131
[FINAL]:
Server Throughput=242261.131675 Byte/s
AverageUPL=424.732000
    AverageRTT=207.668000
    tcpi_retransmits=0
    tcpi_rto=412000
    tcpi_lost=0
    tcpi_retrans=0
    tcpi_snd_cwnd=146
    tcpi_snd_ssthresh=42
    tcpi_total_retrans=0
101 313.766000 208.161000 757
102 315.118000 208.798000 385
103 315.610000 209.002000 461
104 316.281000 208.421000 398
105 314.963000 208.700000 263
106 315.592000 208.864000 399
107 315.572000 208.830000 539
108 316.881000 208.867000 500
109 315.437000 208.681000 378
110 315.766000 208.936000 307
111 315.634000 208.986000 484
112 315.515000 208.498000 534
113 317.048000 208.872000 597
114 315.962000 208.122000 295
115 315.482000 208.574000 521
116 315.571000 208.833000 524
117 315.439000 208.590000 565
118 315.674000 208.922000 465
119 315.510000 208.897000 533
120 315.463000 208.478000 576
121 315.980000 208.634000 547
122 315.553000 208.692000 721
123 314.836000 208.323000 491
124 316.784000 208.616000 681
125 315.697000 208.798000 574
126 316.224000 208.911000 121
127 316.042000 208.749000 504
128 316.794000 209.109000 582
129 315.048000 208.510000 350
130 315.780000 208.801000 385
131 316.299000 208.749000 559
132 339.412000 226.298000 12121
133 811.962000 281.144000 507
134 827.983000 288.567000 8830
135 828.126000 280.963000 794
136 827.655000 281.662000 889
137 1327.667000 284.422000 6078
138 828.208000 281.699000 948
139 752.666000 233.461000 9228
140 683.277000 220.127000 1180
141 604.537000 218.706000 419
142 558.562000 217.388000 860
143 522.325000 215.727000 899
144 503.929000 213.981000 799
145 487.728000 213.000000 1009
146 477.843000 211.771000 694
147 465.827000 210.486000 857
148 462.377000 209.763000 424
149 457.945000 209.711000 703
150 450.383000 208.859000 1193
151 450.773000 209.901000 697
152 447.558000 210.102000 227
153 441.444000 208.685000 615
154 441.577000 208.542000 711
155 438.162000 208.287000 763
156 438.241000 208.339000 690
157 435.189000 208.038000 453
158 435.401000 208.189000 675
159 436.827000 208.438000 522
160 437.015000 208.397000 702
161 437.451000 208.508000 853
162 435.757000 208.342000 407
163 434.139000 207.976000 593
164 433.400000 207.895000 868
165 436.845000 208.574000 1616
166 434.869000 208.085000 509
167 432.422000 208.000000 609
168 435.725000 208.230000 743
169 435.531000 208.358000 576
170 434.588000 208.648000 867
171 433.988000 208.257000 491
172 433.637000 208.430000 771
173 437.743000 208.337000 1545
174 433.171000 208.111000 229
175 435.739000 208.917000 729
176 431.480000 207.824000 766
177 435.481000 208.680000 987
178 432.237000 208.215000 543
179 432.107000 207.797000 906
180 434.175000 208.461000 965
181 433.214000 207.958000 896
182 431.721000 207.733000 568
183 431.653000 208.179000 798
184 430.870000 208.048000 680
185 432.000000 208.019000 1554
186 430.529000 207.762000 897
187 429.058000 207.924000 600
188 430.154000 208.570000 538
189 430.695000 208.409000 679
190 430.870000 208.051000 872
191 427.882000 208.206000 621
192 430.186000 208.118000 802
193 427.875000 208.205000 832
194 429.295000 208.300000 616
195 428.318000 208.002000 852
196 427.783000 207.929000 704
197 429.870000 208.384000 773
198 425.769000 208.193000 1070
199 427.827000 207.844000 770
200 426.171000 207.738000 788
[FINAL]:
Server Throughput=261956.702617 Byte/s
AverageUPL=436.901000
    AverageRTT=213.917000
    tcpi_retransmits=0
    tcpi_rto=408000
    tcpi_lost=0
    tcpi_retrans=0
    tcpi_snd_cwnd=142
    tcpi_snd_ssthresh=34
    tcpi_total_retrans=0
101 1987.018000 221.799000 1250
102 1976.761000 220.320000 2867
103 1981.419000 219.793000 1835
104 1979.539000 220.083000 1573
105 1979.235000 220.135000 2241
106 1988.654000 220.648000 2895
107 1980.572000 220.777000 1099
108 1987.184000 220.487000 2638
109 1987.710000 221.744000 998
110 1983.134000 221.897000 858
111 1983.779000 220.659000 1894
112 1986.232000 221.822000 1552
113 1978.107000 227.631000 11077
114 1987.511000 220.642000 3157
115 1978.339000 220.865000 1561
116 1985.037000 221.433000 1950
117 1989.944000 220.035000 2306
118 1983.047000 220.890000 2735
119 1981.299000 220.728000 2362
120 1986.094000 222.476000 1206
121 1974.240000 219.075000 1688
122 1983.626000 220.485000 2374
123 1982.322000 220.848000 2175
124 1985.404000 220.175000 2113
125 1979.824000 219.633000 2008
126 1981.226000 220.574000 1623
127 1991.547000 221.352000 1763
128 1985.868000 220.445000 2192
129 1985.889000 220.971000 2132
130 1976.125000 219.792000 2160
131 1986.734000 220.842000 2321
132 1978.849000 219.946000 2487
133 1984.551000 221.598000 1175
134 1992.654000 221.538000 1886
135 1986.301000 219.804000 1333
136 1980.676000 220.937000 1851
137 1993.047000 222.106000 1561
138 1986.593000 221.011000 998
139 1981.531000 219.874000 2078
140 1985.430000 221.738000 1332
141 1990.876000 220.846000 767
142 1978.749000 219.972000 2017
143 1990.813000 222.390000 1234
144 1993.034000 221.711000 1216
145 1985.728000 220.730000 1785
146 1987.133000 220.502000 2373
147 1984.944000 220.717000 1511
148 1978.355000 220.185000 1718
149 1981.857000 221.252000 1825
150 1982.591000 221.141000 2208
151 1981.020000 220.961000 1662
152 1983.259000 220.095000 1967
153 1988.931000 221.250000 1585
154 1979.945000 220.787000 2071
155 1986.498000 220.778000 1972
156 1984.105000 221.141000 1902
157 1988.150000 221.032000 2818
158 1998.017000 221.127000 1560
159 2477.992000 281.045000 480
160 2374.447000 233.508000 17870
161 1982.353000 220.863000 2408
162 1985.151000 220.319000 2377
163 1975.712000 220.136000 1917
164 1988.050000 221.694000 909
165 1979.092000 220.253000 1468
166 1983.383000 219.666000 2430
167 1986.839000 220.545000 1689
168 1989.693000 221.339000 2024
169 1986.252000 220.880000 2599
170 1983.217000 220.508000 1899
171 1982.695000 221.341000 1084
172 1986.469000 221.437000 1769
173 1974.182000 219.844000 1196
174 1989.422000 220.014000 1312
175 1992.568000 221.647000 2332
176 1990.105000 220.710000 824
177 1975.681000 219.556000 1811
178 1982.836000 221.628000 1455
179 1980.985000 220.316000 1853
180 1982.604000 220.875000 2597
181 1982.764000 220.957000 2250
182 1985.549000 221.260000 1478
183 1988.212000 221.038000 1565
184 1980.146000 220.756000 2767
185 1980.287000 221.156000 1205
186 1983.154000 220.556000 2727
187 1976.809000 220.350000 1978
188 1980.471000 220.182000 1668
189 1985.132000 220.614000 2129
190 1995.739000 221.775000 1220
191 1992.408000 221.160000 1607
192 1989.051000 221.220000 2003
193 1973.867000 219.866000 1986
194 1987.966000 220.826000 1450
195 1979.741000 218.701000 3201
196 1983.597000 221.500000 2153
197 1976.493000 219.215000 3038
198 1979.786000 220.175000 598
199 1988.895000 221.315000 1420
200 1978.088000 219.694000 2086
[FINAL]:
Server Throughput=49974.057467 Byte/s
AverageUPL=1992.949000
    AverageRTT=221.546000
    tcpi_retransmits=0
    tcpi_rto=420000
    tcpi_lost=0
    tcpi_retrans=0
    tcpi_snd_cwnd=10
    tcpi_snd_ssthresh=7
    tcpi_total_retrans=2
101 2103.745000 260.351000 39599
102 2300.654000 236.914000 11291
103 1985.723000 225.741000 10729
104 1995.137000 225.758000 9682
105 1987.366000 225.895000 9633
106 1982.086000 224.760000 12101
107 1984.135000 225.181000 9608
108 1986.683000 225.063000 10625
109 1986.825000 225.409000 11830
110 1981.336000 226.109000 11863
111 1980.423000 224.941000 9860
112 1984.510000 225.205000 10161
113 1978.413000 224.265000 10531
114 1980.536000 225.002000 10769
115 1986.783000 225.538000 9776
116 1990.743000 226.990000 10282
117 1987.667000 224.814000 11345
118 1990.828000 226.079000 8331
119 1979.996000 224.611000 12044
120 1987.110000 224.917000 9778
121 1971.637000 223.466000 10332
122 1993.310000 227.674000 10658
123 1986.974000 226.145000 11096
124 1986.722000 225.782000 9997
125 1994.255000 224.895000 10244
126 1987.858000 226.888000 9347
127 1978.651000 225.802000 12548
128 1985.465000 225.210000 9677
129 2360.634000 280.915000 8906
130 2238.294000 236.468000 21119
131 1988.333000 221.560000 1541
132 1985.846000 224.293000 9118
133 1980.963000 224.398000 8507
134 1988.595000 223.816000 8872
135 1982.328000 225.456000 8930
136 1984.310000 225.750000 9761
137 1987.396000 224.884000 9711
138 1986.134000 225.670000 8040
139 1984.014000 224.193000 8889
140 1979.029000 224.601000 9853
141 1986.168000 223.721000 9743
142 1999.599000 227.288000 7939
143 1977.280000 224.047000 9566
144 1996.564000 225.048000 10622
145 1989.047000 227.893000 8094
146 1989.410000 225.173000 8020
147 1982.326000 224.924000 9649
148 1991.318000 225.317000 8146
149 1974.515000 224.257000 9217
150 1990.707000 225.066000 8454
151 2193.621000 268.980000 25409
152 2405.893000 253.350000 13139
153 1976.897000 228.018000 7171
154 2025.589000 225.970000 11958
155 1978.362000 224.044000 8509
156 1951.653000 226.931000 6340
157 2031.255000 226.576000 10661
158 2052.593000 262.039000 46334
159 2592.764000 289.566000 15092
160 2483.793000 284.236000 5303
161 2608.782000 287.489000 12061
162 2483.694000 285.187000 9843
163 2526.780000 277.811000 8711
164 2014.306000 225.001000 7661
165 1989.569000 224.393000 7939
166 1996.643000 223.651000 9059
167 1980.488000 224.445000 7864
168 1990.137000 224.076000 8363
169 1966.503000 223.803000 7766
170 1996.409000 224.146000 9493
171 1977.987000 222.848000 8187
172 1941.334000 226.649000 6150
173 2031.633000 224.697000 7685
174 1973.089000 224.698000 6461
175 1945.312000 227.393000 6255
176 2036.627000 227.595000 12508
177 1993.577000 223.475000 9220
178 1991.843000 225.669000 6839
179 1949.347000 227.244000 6178
180 2526.523000 284.192000 5461
181 2546.270000 284.502000 5704
182 2038.313000 225.478000 11282
183 1985.995000 225.150000 7303
184 1970.357000 223.913000 8530
185 1997.450000 225.112000 7821
186 1986.009000 224.760000 6363
187 1988.416000 224.276000 8227
188 1990.487000 224.688000 9034
189 1975.990000 224.676000 6899
190 1985.927000 224.063000 8212
191 1979.302000 223.413000 8323
192 2166.943000 269.821000 21871
193 2546.219000 284.359000 5538
194 2315.097000 232.640000 15211
195 2009.473000 224.894000 7799
196 1982.528000 223.860000 9070
197 1976.776000 223.525000 8041
198 1987.105000 224.404000 7763
199 1991.142000 223.848000 9131
200 1995.812000 226.702000 9316
[FINAL]:
Server Throughput=49228.243413 Byte/s
AverageUPL=2053.769000
    AverageRTT=232.623000
    tcpi_retransmits=0
    tcpi_rto=428000
    tcpi_lost=0
    tcpi_retrans=0
    tcpi_snd_cwnd=10
    tcpi_snd_ssthresh=7
    tcpi_total_retrans=0
101 1982.867000 222.229000 5615
102 1983.280000 223.154000 4020
103 1984.645000 222.563000 5153
104 1981.504000 222.793000 5251
105 1990.517000 230.824000 16676
106 1984.520000 230.588000 13929
107 2798.305000 286.452000 36919
108 3214.139000 242.904000 19109
109 2102.764000 223.249000 4906
110 2086.932000 230.129000 14669
111 1983.407000 224.424000 7205
112 1983.187000 223.241000 5056
113 1991.274000 223.285000 4240
114 1974.128000 228.508000 13493
115 1999.233000 226.458000 6950
116 1990.068000 224.111000 4691
117 2227.494000 229.358000 14061
118 1978.732000 224.122000 5661
119 1994.141000 223.188000 5836
120 1981.428000 223.280000 4856
121 1994.533000 224.413000 5046
122 1983.176000 222.964000 4063
123 1980.394000 222.539000 6470
124 1978.732000 222.795000 5642
125 1992.953000 223.718000 5800
126 1988.591000 223.690000 5150
127 1986.649000 224.241000 4971
128 1985.405000 221.910000 7047
129 1978.684000 222.607000 5291
130 1992.917000 223.997000 5475
131 1983.990000 222.314000 5238
132 1990.638000 231.456000 14868
133 1986.763000 228.946000 14635
134 2231.643000 270.720000 13860
135 1979.540000 223.300000 8147
136 1983.678000 222.194000 7111
137 1988.904000 223.372000 5626
138 1976.498000 227.850000 13244
139 1992.881000 223.870000 9019
140 2284.406000 277.570000 10330
141 2546.550000 285.354000 7980
142 2530.497000 284.958000 7478
143 2344.864000 236.403000 16729
144 1982.015000 229.691000 13562
145 1987.636000 225.744000 6710
146 1984.100000 223.564000 3911
147 1988.561000 223.244000 6134
148 1987.724000 223.132000 5609
149 1990.331000 223.962000 4976
150 2469.276000 283.916000 6342
151 2404.340000 244.587000 19871
152 1972.464000 222.355000 4979
153 1999.109000 224.310000 5155
154 1989.659000 222.712000 6103
155 1980.736000 223.278000 6457
156 1993.026000 224.643000 4658
157 1976.362000 221.692000 5341
158 1987.573000 222.603000 6617
159 1989.403000 222.500000 6792
160 2113.363000 259.089000 29837
161 2546.511000 285.170000 7694
162 2174.682000 228.143000 13108
163 1988.185000 222.757000 8199
164 1984.183000 223.430000 5103
165 1978.681000 228.037000 13720
166 1989.183000 229.829000 14965
167 1989.988000 225.987000 6516
168 1987.354000 223.297000 6504
169 1984.716000 222.286000 5548
170 1984.795000 222.353000 7363
171 1984.663000 229.145000 16131
172 2312.836000 278.676000 8255
173 2104.317000 224.748000 11822
174 1996.929000 224.265000 4995
175 1990.007000 223.861000 5453
176 1984.951000 222.449000 6985
177 1989.271000 222.343000 5479
178 1986.943000 224.721000 4957
179 1984.469000 223.751000 4489
180 2406.673000 282.529000 5065
181 2546.302000 285.247000 8198
182 2546.237000 285.309000 8119
183 2205.334000 229.769000 13110
184 1983.461000 228.409000 10525
185 1991.002000 223.501000 9872
186 1990.342000 223.078000 5425
187 1993.481000 223.886000 6056
188 1982.808000 223.108000 5581
189 1991.096000 224.732000 5093
190 1982.601000 222.489000 5252
191 1984.137000 222.471000 6048
192 2016.752000 229.260000 11684
193 2181.095000 227.835000 11146
194 1980.691000 222.272000 6951
195 1986.703000 223.147000 6431
196 1982.491000 223.364000 6052
197 1992.044000 223.967000 4560
198 1980.391000 222.854000 5725
199 1982.369000 228.221000 10771
200 1994.332000 224.537000 8475
[FINAL]:
Server Throughput=48783.357218 Byte/s
AverageUPL=2073.341000
    AverageRTT=231.822000
    tcpi_retransmits=0
    tcpi_rto=428000
    tcpi_lost=0
    tcpi_retrans=0
    tcpi_snd_cwnd=10
    tcpi_snd_ssthresh=7
    tcpi_total_retrans=0
101 1986.044000 231.803000 20140
102 2053.133000 244.976000 26733
103 2357.492000 231.827000 16559
104 1995.084000 224.286000 6430
105 1978.774000 225.505000 7748
106 1989.850000 231.850000 18383
107 1984.432000 231.688000 18126
108 1983.519000 225.317000 9013
109 1989.514000 226.407000 10376
110 1987.819000 231.832000 19678
111 1992.151000 221.169000 537
112 1980.515000 224.925000 12051
113 1990.894000 232.744000 18703
114 1990.340000 226.286000 12277
115 1988.075000 226.745000 12971
116 1974.778000 223.689000 7230
117 1995.428000 233.495000 19908
118 1991.476000 223.498000 3792
119 1988.639000 231.773000 15995
120 1991.140000 220.555000 1881
121 1978.305000 231.311000 18940
122 1981.950000 227.025000 10916
123 1986.467000 231.153000 17157
124 1982.235000 230.796000 17996
125 1977.562000 219.288000 2128
126 1992.386000 227.184000 13125
127 1989.681000 226.741000 12691
128 1990.383000 233.570000 18255
129 1983.608000 221.425000 4834
130 1985.046000 226.438000 14162
131 1975.769000 225.686000 11562
132 2075.339000 247.400000 33479
133 2561.557000 283.651000 4858
134 2561.915000 283.921000 5418
135 2311.460000 237.208000 18651
136 1987.395000 231.480000 18364
137 1986.102000 232.539000 15694
138 1991.177000 222.322000 1854
139 1983.222000 231.037000 16494
140 1988.059000 231.053000 19403
141 1986.351000 223.725000 6734
142 1979.961000 230.839000 17982
143 1990.310000 231.866000 15894
144 1979.209000 224.473000 8986
145 1989.976000 221.144000 1820
146 1984.517000 231.758000 18210
147 1982.594000 223.582000 6461
148 1981.251000 230.528000 18017
149 1979.457000 224.209000 5909
150 2180.382000 272.032000 14808
151 2561.780000 283.813000 5273
152 2561.823000 279.709000 7726
153 2025.472000 224.221000 8867
154 1977.205000 224.001000 9907
155 1982.504000 226.691000 11552
156 1983.847000 224.756000 10463
157 1984.601000 219.581000 1246
158 1989.891000 226.916000 11206
159 2525.096000 283.358000 4560
160 2562.170000 283.921000 5330
161 2006.785000 220.923000 6737
162 1986.957000 226.020000 8516
163 1984.390000 232.049000 20065
164 1988.962000 232.742000 15678
165 1978.645000 225.596000 10881
166 1988.145000 225.802000 8615
167 1983.001000 232.092000 17704
168 2242.572000 279.956000 7228
169 2561.884000 283.286000 4414
170 2562.187000 283.961000 5328
171 2546.060000 294.818000 22499
172 2561.970000 284.025000 5494
173 2151.159000 225.060000 6097
174 1992.878000 232.443000 16752
175 1990.653000 227.256000 13169
176 1980.128000 225.166000 10807
177 1987.545000 232.016000 18327
178 1977.794000 230.497000 16385
179 1979.854000 225.347000 8931
180 1986.506000 232.612000 17517
181 1988.959000 231.654000 15932
182 1988.238000 225.913000 12569
183 1987.045000 232.310000 16778
184 1994.810000 225.494000 7032
185 1983.816000 225.296000 9375
186 1979.826000 219.931000 1958
187 1989.850000 232.874000 17722
188 1992.980000 233.307000 17516
189 1985.430000 231.273000 18283
190 1982.000000 226.679000 12744
191 1986.541000 232.627000 18779
192 1988.341000 233.637000 18520
193 1978.798000 231.092000 17909
194 1984.580000 232.048000 17006
195 1982.207000 220.228000 835
196 1980.173000 231.482000 16628
197 1988.497000 232.088000 17704
198 1981.060000 231.305000 16228
199 1977.361000 230.884000 17652
200 2441.598000 240.136000 24638
[FINAL]:
Server Throughput=48788.434370 Byte/s
AverageUPL=2062.472000
    AverageRTT=235.146000
    tcpi_retransmits=0
    tcpi_rto=444000
    tcpi_lost=0
    tcpi_retrans=0
    tcpi_snd_cwnd=10
    tcpi_snd_ssthresh=7
    tcpi_total_retrans=0
101 1995.180000 226.024000 10380
102 1982.266000 224.104000 7316
103 1993.520000 226.646000 9021
104 1983.914000 225.296000 10188
105 1998.830000 227.257000 9313
106 1983.105000 224.171000 8619
107 1980.009000 225.511000 8723
108 1978.767000 223.827000 8899
109 1994.511000 226.022000 7707
110 2219.636000 263.240000 39187
111 1972.979000 224.764000 13869
112 1991.782000 226.858000 11003
113 1989.061000 225.547000 11515
114 1997.840000 226.554000 10669
115 1987.997000 225.209000 10660
116 2049.777000 243.035000 30863
117 2546.215000 287.642000 12701
118 2546.386000 286.578000 13743
119 2136.632000 228.259000 11668
120 1981.005000 225.062000 9301
121 1986.283000 226.208000 8886
122 1984.074000 224.389000 9126
123 1987.704000 224.322000 8716
124 1986.992000 225.069000 9260
125 1983.433000 224.677000 10811
126 1983.142000 224.462000 7477
127 1986.058000 225.005000 8599
128 1985.651000 224.489000 8870
129 1983.027000 224.227000 8496
130 1985.228000 224.914000 8094
131 1987.242000 225.025000 8637
132 1985.960000 225.390000 8146
133 1982.797000 225.856000 7626
134 1985.749000 225.487000 8895
135 1994.636000 225.510000 9417
136 1990.526000 225.236000 9510
137 1985.010000 225.186000 7881
138 1982.420000 226.007000 8961
139 1989.352000 225.028000 8529
140 1980.918000 223.779000 8124
141 1984.875000 226.198000 8514
142 1982.148000 224.985000 10344
143 1986.780000 225.079000 10423
144 1978.288000 223.946000 8180
145 1987.812000 223.941000 10676
146 1975.557000 224.603000 9747
147 1993.302000 224.908000 10504
148 1986.965000 225.514000 8696
149 1984.287000 225.056000 7169
150 1985.752000 225.361000 9826
151 1974.475000 223.979000 11858
152 1980.534000 224.076000 7304
153 1980.802000 224.439000 7584
154 1983.744000 224.422000 8386
155 1986.478000 225.437000 7633
156 1974.023000 224.064000 8651
157 1976.732000 223.926000 7617
158 1978.678000 224.449000 9192
159 1992.287000 225.554000 9237
160 2212.820000 273.549000 23964
161 2545.991000 287.680000 12713
162 2079.780000 227.142000 10214
163 1983.293000 224.834000 7039
164 1983.545000 226.293000 8224
165 1981.775000 224.202000 11085
166 1991.641000 225.961000 6637
167 1982.566000 223.920000 10190
168 1986.187000 224.179000 8187
169 1986.825000 225.113000 8076
170 1979.267000 224.116000 9199
171 1979.758000 225.027000 7315
172 1990.452000 224.642000 8772
173 1993.583000 225.660000 7011
174 1983.653000 224.818000 8940
175 1995.741000 225.992000 9489
176 1979.674000 224.477000 8949
177 1988.749000 225.044000 10016
178 1981.952000 224.750000 9272
179 1986.737000 225.616000 8136
180 1974.600000 224.527000 8428
181 1989.235000 225.158000 8018
182 1986.996000 223.676000 10109
183 1987.051000 225.939000 9022
184 1981.703000 223.828000 8433
185 1987.920000 225.619000 8711
186 1973.489000 223.457000 9002
187 1982.591000 224.505000 11038
188 1977.160000 223.578000 9836
189 1986.773000 225.040000 10594
190 1978.456000 223.627000 10435
191 1978.001000 223.660000 9561
192 1977.422000 222.756000 9658
193 1991.683000 225.886000 7775
194 1978.209000 225.479000 9211
195 1994.984000 226.460000 9919
196 1981.084000 225.134000 7843
197 1977.448000 223.737000 10210
198 1988.185000 225.384000 8641
199 1980.911000 224.283000 8348
200 1983.157000 224.234000 8493
[FINAL]:
Server Throughput=50096.514191 Byte/s
AverageUPL=2009.301000
    AverageRTT=227.907000
    tcpi_retransmits=0
    tcpi_rto=428000
    tcpi_lost=0
    tcpi_retrans=0
    tcpi_snd_cwnd=9
    tcpi_snd_ssthresh=7
    tcpi_total_retrans=0
