101 221.180000 221.196000 995
102 220.886000 221.148000 843
103 221.092000 221.133000 663
104 222.278000 221.269000 769
105 220.786000 221.194000 726
106 219.554000 220.978000 757
107 218.963000 220.713000 800
108 219.960000 220.609000 801
109 222.309000 220.810000 1002
110 222.217000 220.974000 1081
111 218.906000 220.705000 1114
112 238.708000 222.945000 5315
113 280.895000 230.182000 18460
114 281.353000 236.568000 26619
115 281.205000 242.135000 31098
116 281.096000 246.996000 33045
117 281.218000 251.263000 33318
118 281.253000 255.005000 32472
119 280.938000 258.237000 30818
120 281.000000 261.072000 28784
121 267.709000 261.812000 23068
122 278.959000 263.946000 21569
123 281.161000 266.088000 20460
124 281.200000 267.968000 19105
125 280.997000 269.588000 17570
126 281.529000 271.067000 16135
127 266.204000 270.451000 13334
128 280.160000 271.655000 12409
129 281.101000 272.826000 11650
130 263.547000 271.657000 11076
131 220.015000 265.195000 12346
132 222.812000 259.889000 13286
133 220.336000 254.931000 14111
134 216.922000 250.170000 14860
135 218.254000 246.171000 15395
136 218.732000 242.730000 15774
137 217.243000 239.534000 16080
138 219.330000 236.998000 16211
139 214.512000 234.176000 16410
140 221.933000 232.628000 15403
141 220.115000 231.054000 14701
142 222.251000 229.945000 13244
143 220.800000 228.792000 12238
144 220.561000 227.752000 11260
145 222.291000 227.062000 9825
146 218.086000 225.930000 9632
147 218.905000 225.045000 8993
148 217.291000 224.068000 8699
149 221.897000 223.787000 7087
150 222.042000 223.559000 5771
151 218.388000 222.905000 5636
152 220.859000 222.641000 4755
153 221.858000 222.532000 3784
154 220.921000 222.324000 3254
155 218.921000 221.893000 3260
156 222.498000 221.960000 2579
157 218.886000 221.565000 2597
158 218.257000 221.141000 2621
159 221.487000 221.173000 2029
160 220.164000 221.034000 1799
161 219.743000 220.863000 1692
162 220.221000 220.772000 1452
163 217.411000 220.344000 1513
164 217.052000 219.920000 1572
165 221.525000 220.112000 1562
166 221.079000 220.226000 1400
167 221.081000 220.325000 1247
168 219.697000 220.234000 1117
169 219.777000 220.164000 978
170 221.051000 220.265000 935
171 218.652000 220.054000 958
172 217.392000 219.713000 1014
173 223.179000 220.136000 1608
174 221.350000 220.276000 1486
175 222.593000 220.556000 1675
176 219.806000 220.453000 1462
177 220.907000 220.502000 1194
178 223.242000 220.836000 1564
179 220.652000 220.803000 1239
180 222.247000 220.974000 1270
181 216.436000 220.399000 1374
182 222.964000 220.711000 1654
183 218.363000 220.410000 1678
184 222.627000 220.677000 1793
185 219.688000 220.547000 1604
186 216.434000 220.024000 1684
187 219.617000 219.966000 1380
188 219.574000 219.908000 1152
189 220.659000 219.992000 1032
190 222.960000 220.354000 1498
191 218.980000 220.173000 1485
192 221.284000 220.303000 1374
193 220.223000 220.284000 1069
194 217.574000 219.934000 1123
195 218.309000 219.720000 1141
196 217.525000 219.437000 1176
197 220.806000 219.599000 1208
198 221.898000 219.877000 1462
199 219.064000 219.769000 1314
200 219.719000 219.753000 1016
[FINAL]:
Client Throughput=4.451232 Byte/s
AverageUPL=230.782000
    AverageRTT=230.801000
    tcpi_retransmits=0
    tcpi_rto=420000
    tcpi_lost=0
    tcpi_retrans=0
    tcpi_snd_cwnd=18
    tcpi_snd_ssthresh=2147483647
    tcpi_total_retrans=0
101 217.986000 219.320000 1088
102 221.400000 219.571000 1318
103 220.081000 219.625000 1097
104 221.661000 219.869000 1310
105 220.231000 219.904000 1054
106 221.051000 220.038000 1057
107 221.930000 220.264000 1245
108 220.594000 220.296000 999
109 218.409000 220.052000 1029
110 220.888000 220.144000 956
111 219.213000 220.019000 958
112 217.289000 219.662000 1017
113 220.399000 219.744000 928
114 219.554000 219.711000 762
115 219.075000 219.619000 757
116 221.946000 219.900000 1130
117 222.876000 220.263000 1574
118 221.006000 220.348000 1351
119 219.017000 220.174000 1352
120 218.945000 220.010000 1342
121 218.905000 219.862000 1303
122 219.659000 219.827000 1045
123 223.554000 220.287000 1703
124 218.763000 220.088000 1676
125 218.103000 219.831000 1688
126 219.646000 219.798000 1331
127 219.388000 219.738000 1119
128 221.489000 219.948000 1259
129 217.667000 219.654000 1293
130 217.506000 219.375000 1323
131 218.116000 219.207000 1323
132 217.869000 219.031000 1326
133 217.462000 218.826000 1335
134 219.752000 218.932000 1213
135 220.883000 219.167000 1380
136 222.674000 219.596000 1893
137 218.443000 219.443000 1726
138 222.665000 219.837000 2082
139 221.647000 220.054000 1996
140 218.922000 219.902000 1801
141 218.441000 219.710000 1736
142 219.667000 219.696000 1330
143 218.217000 219.502000 1337
144 222.904000 219.919000 1836
145 220.927000 220.035000 1609
146 220.275000 220.056000 1249
147 222.605000 220.366000 1557
148 219.746000 220.280000 1338
149 219.479000 220.171000 1222
150 223.134000 220.532000 1637
151 219.370000 220.377000 1539
152 221.201000 220.471000 1341
153 217.116000 220.041000 1407
154 220.339000 220.069000 1109
155 217.008000 219.672000 1174
156 219.903000 219.693000 923
157 222.948000 220.091000 1487
158 222.532000 220.386000 1706
159 219.128000 220.219000 1614
160 217.742000 219.899000 1643
161 219.704000 219.869000 1293
162 223.002000 220.252000 1736
163 217.603000 219.911000 1766
164 219.598000 219.863000 1421
165 217.227000 219.524000 1462
166 220.069000 219.586000 1219
167 219.633000 219.583000 920
168 218.711000 219.466000 920
169 222.239000 219.803000 1365
170 219.903000 219.802000 1027
171 216.738000 219.409000 1093
172 221.052000 219.607000 1216
173 218.596000 219.471000 1183
174 222.900000 219.891000 1726
175 220.299000 219.929000 1371
176 217.512000 219.615000 1407
177 219.759000 219.623000 1070
178 220.554000 219.729000 1015
179 218.087000 219.514000 1037
180 222.438000 219.871000 1493
181 222.437000 220.183000 1742
182 218.777000 219.995000 1683
183 223.482000 220.420000 2114
184 219.577000 220.308000 1810
185 219.496000 220.202000 1570
186 223.079000 220.552000 1878
187 217.435000 220.153000 1919
188 222.615000 220.440000 2013
189 221.874000 220.603000 1836
190 220.650000 220.599000 1384
191 221.108000 220.655000 1151
192 221.238000 220.719000 990
193 217.428000 220.298000 1064
194 218.872000 220.110000 1078
195 220.715000 220.176000 940
196 220.296000 220.184000 722
197 219.488000 220.083000 725
198 220.694000 220.147000 672
199 219.795000 220.092000 615
200 220.126000 220.085000 475
[FINAL]:
Client Throughput=4.555726 Byte/s
AverageUPL=220.041000
    AverageRTT=219.924000
    tcpi_retransmits=0
    tcpi_rto=424000
    tcpi_lost=0
    tcpi_retrans=0
    tcpi_snd_cwnd=18
    tcpi_snd_ssthresh=2147483647
    tcpi_total_retrans=0
101 219.082000 220.181000 1111
102 221.318000 220.314000 1099
103 221.907000 220.503000 1203
104 219.683000 220.391000 1127
105 222.228000 220.607000 1279
106 220.229000 220.552000 1071
107 221.177000 220.622000 944
108 221.099000 220.672000 807
109 222.935000 220.945000 1151
110 222.058000 221.077000 1128
111 219.657000 220.889000 1139
112 220.650000 220.849000 934
113 219.907000 220.721000 937
114 222.025000 220.874000 1008
115 217.082000 220.393000 1097
116 220.430000 220.389000 831
117 217.212000 219.983000 906
118 220.554000 220.045000 804
119 219.294000 219.939000 805
120 220.172000 219.960000 645
121 217.244000 219.611000 711
122 221.532000 219.843000 996
123 219.049000 219.736000 961
124 217.099000 219.398000 1015
125 281.654000 227.174000 16315
126 280.956000 233.885000 25658
127 281.109000 239.780000 31033
128 257.615000 241.958000 27630
129 257.806000 243.926000 24659
130 281.133000 248.566000 27775
131 281.115000 252.624000 28948
132 280.967000 256.160000 28782
133 281.366000 259.299000 27864
134 281.323000 262.043000 26386
135 260.444000 261.830000 20214
136 219.257000 256.501000 20914
137 222.282000 252.216000 21332
138 220.635000 248.259000 21654
139 222.238000 244.997000 21793
140 219.485000 241.799000 21911
141 219.241000 238.973000 21933
142 222.313000 236.881000 20634
143 222.739000 235.103000 19030
144 220.453000 233.261000 17956
145 217.149000 231.238000 17514
146 221.325000 229.985000 15641
147 220.939000 228.843000 14015
148 220.218000 227.753000 12691
149 219.530000 226.716000 11593
150 219.021000 225.744000 10639
151 221.037000 225.146000 9175
152 221.171000 224.637000 7898
153 217.139000 223.693000 7812
154 218.146000 222.990000 7265
155 223.374000 223.028000 5525
156 221.190000 222.789000 4621
157 222.459000 222.739000 3567
158 221.495000 222.571000 3010
159 221.403000 222.416000 2568
160 219.463000 222.040000 2582
161 222.385000 222.074000 2005
162 221.645000 222.011000 1630
163 220.326000 221.790000 1634
164 223.002000 221.931000 1508
165 219.424000 221.609000 1542
166 221.528000 221.590000 1195
167 218.075000 221.140000 1270
168 221.358000 221.158000 987
169 219.598000 220.953000 1007
170 220.246000 220.855000 952
171 222.656000 221.071000 1146
172 219.533000 220.867000 1161
173 219.440000 220.680000 1171
174 217.217000 220.236000 1245
175 220.608000 220.273000 1008
176 218.833000 220.084000 1024
177 219.095000 219.951000 1025
178 220.627000 220.026000 919
179 218.545000 219.834000 939
180 221.979000 220.093000 1222
181 220.019000 220.074000 954
182 218.536000 219.869000 975
183 223.203000 220.275000 1543
184 218.379000 220.027000 1557
185 223.565000 220.460000 2034
186 218.370000 220.188000 2038
187 218.784000 220.002000 1901
188 221.064000 220.125000 1670
189 216.233000 219.629000 1742
190 218.364000 219.457000 1649
191 219.568000 219.461000 1246
192 222.573000 219.840000 1692
193 220.073000 219.859000 1307
194 219.674000 219.827000 1045
195 216.628000 219.418000 1115
196 216.683000 219.067000 1168
197 222.217000 219.448000 1638
198 219.574000 219.455000 1243
199 219.123000 219.404000 1035
200 214.529000 218.779000 1159
[FINAL]:
Client Throughput=4.417921 Byte/s
AverageUPL=226.160000
    AverageRTT=226.189000
    tcpi_retransmits=0
    tcpi_rto=420000
    tcpi_lost=0
    tcpi_retrans=0
    tcpi_snd_cwnd=18
    tcpi_snd_ssthresh=2147483647
    tcpi_total_retrans=0
101 220.133000 220.368000 1303
102 219.561000 220.258000 1197
103 218.738000 220.059000 1210
104 217.003000 219.667000 1270
105 222.732000 220.040000 1698
106 216.217000 219.552000 1767
107 216.760000 219.192000 1802
108 217.051000 218.913000 1815
109 220.378000 219.087000 1709
110 219.681000 219.152000 1411
111 218.748000 219.092000 1177
112 217.856000 218.930000 1181
113 221.032000 219.186000 1397
114 222.061000 219.536000 1748
115 219.062000 219.469000 1444
116 220.417000 219.576000 1297
117 221.806000 219.846000 1512
118 221.779000 220.078000 1598
119 222.777000 220.407000 1857
120 221.682000 220.559000 1696
121 219.857000 220.462000 1467
122 217.996000 220.140000 1501
123 214.051000 219.369000 1647
124 222.721000 219.774000 2045
125 219.981000 219.791000 1568
126 219.599000 219.758000 1242
127 222.921000 220.144000 1703
128 218.653000 219.950000 1664
129 221.678000 220.157000 1661
130 222.456000 220.435000 1803
131 218.702000 220.207000 1803
132 221.453000 220.350000 1638
133 221.981000 220.543000 1614
134 219.514000 220.402000 1493
135 222.202000 220.617000 1551
136 219.254000 220.438000 1522
137 222.563000 220.694000 1654
138 219.616000 220.544000 1540
139 217.249000 220.126000 1596
140 220.218000 220.127000 1198
141 221.505000 220.289000 1223
142 219.842000 220.224000 1047
143 220.249000 220.218000 798
144 221.500000 220.370000 902
145 217.661000 220.021000 961
146 221.926000 220.250000 1179
147 223.328000 220.625000 1634
148 222.096000 220.799000 1573
149 218.152000 220.458000 1609
150 221.879000 220.619000 1530
151 221.657000 220.740000 1389
152 216.444000 220.194000 1482
153 220.387000 220.206000 1137
154 217.683000 219.882000 1182
155 218.731000 219.723000 1185
156 217.904000 219.487000 1207
157 218.837000 219.395000 1088
158 217.150000 219.106000 1126
159 219.778000 219.183000 997
160 219.129000 219.165000 784
161 217.983000 219.008000 798
162 221.466000 219.305000 1194
163 220.189000 219.410000 1104
164 220.127000 219.491000 991
165 223.114000 219.935000 1631
166 223.103000 220.322000 1998
167 220.358000 220.317000 1508
168 219.130000 220.162000 1441
169 218.466000 219.943000 1450
170 219.860000 219.923000 1128
171 221.699000 220.135000 1270
172 218.300000 219.899000 1289
173 218.676000 219.741000 1284
174 218.528000 219.584000 1277
175 222.365000 219.923000 1637
176 216.809000 219.525000 1685
177 219.070000 219.459000 1397
178 220.072000 219.526000 1181
179 221.203000 219.729000 1291
180 220.371000 219.798000 1107
181 222.533000 220.129000 1491
182 221.021000 220.232000 1325
183 216.961000 219.816000 1387
184 219.546000 219.772000 1128
185 223.389000 220.215000 1731
186 221.198000 220.328000 1524
187 222.863000 220.637000 1761
188 219.340000 220.466000 1663
189 219.187000 220.297000 1585
190 219.966000 220.247000 1289
191 222.593000 220.531000 1535
192 222.477000 220.766000 1620
193 220.898000 220.773000 1230
194 218.218000 220.439000 1275
195 219.579000 220.322000 1190
196 219.993000 220.271000 995
197 219.585000 220.176000 936
198 222.877000 220.505000 1358
199 221.199000 220.579000 1169
200 216.640000 220.077000 1258
[FINAL]:
Client Throughput=4.502527 Byte/s
AverageUPL=220.049000
    AverageRTT=219.996000
    tcpi_retransmits=0
    tcpi_rto=424000
    tcpi_lost=0
    tcpi_retrans=0
    tcpi_snd_cwnd=18
    tcpi_snd_ssthresh=2147483647
    tcpi_total_retrans=0
101 219.178000 226.545000 8924
102 218.929000 225.580000 8623
103 222.386000 225.171000 7285
104 216.194000 224.036000 7341
105 219.076000 223.408000 6762
106 221.770000 223.196000 5494
107 220.633000 222.867000 4781
108 219.680000 222.459000 4401
109 222.539000 222.457000 3304
110 222.085000 222.394000 2603
111 220.320000 222.125000 2492
112 218.911000 221.708000 2518
113 222.008000 221.738000 1947
114 218.913000 221.375000 1977
115 217.541000 220.887000 2037
116 219.455000 220.697000 1906
117 221.684000 220.811000 1657
118 217.604000 220.401000 1708
119 219.390000 220.265000 1553
120 222.496000 220.538000 1710
121 217.175000 220.106000 1764
122 220.321000 220.120000 1353
123 221.147000 220.240000 1253
124 219.227000 220.104000 1211
125 222.243000 220.364000 1427
126 219.702000 220.271000 1255
127 220.075000 220.237000 1009
128 222.385000 220.496000 1273
129 221.799000 220.647000 1257
130 222.298000 220.845000 1340
131 222.813000 221.082000 1479
132 221.889000 221.174000 1292
133 216.033000 220.521000 1415
134 221.974000 220.694000 1408
135 219.422000 220.526000 1391
136 220.706000 220.539000 1070
137 218.555000 220.283000 1100
138 218.273000 220.021000 1131
139 220.670000 220.094000 994
140 222.161000 220.343000 1244
141 218.997000 220.165000 1249
142 218.806000 219.985000 1255
143 218.042000 219.731000 1279
144 222.853000 220.115000 1726
145 221.761000 220.311000 1688
146 220.737000 220.356000 1354
147 221.156000 220.227000 1272
148 217.066000 219.822000 1334
149 220.223000 219.863000 1083
150 219.406000 219.797000 945
151 218.804000 219.663000 949
152 220.370000 219.742000 870
153 222.552000 220.082000 1334
154 219.473000 219.992000 1182
155 220.185000 220.006000 916
156 222.683000 220.329000 1332
157 219.145000 220.170000 1316
158 269.679000 226.350000 13347
159 281.194000 233.197000 23703
160 281.137000 239.178000 29740
161 281.073000 244.406000 32760
162 281.234000 248.999000 33757
163 281.084000 252.996000 33311
164 281.094000 256.500000 31992
165 281.186000 259.570000 30134
166 281.716000 262.330000 28120
167 280.466000 264.588000 25606
168 281.603000 266.703000 23435
169 280.770000 268.455000 21079
170 281.032000 270.018000 18935
171 281.151000 271.402000 16970
172 234.614000 266.792000 17592
173 219.570000 260.880000 18521
174 218.832000 255.615000 19258
175 222.155000 251.424000 19704
176 219.784000 247.457000 20080
177 218.670000 243.849000 20354
178 220.893000 240.970000 20438
179 220.253000 238.371000 20449
180 218.434000 235.870000 20339
181 219.356000 233.796000 19401
182 219.363000 231.983000 18178
183 219.455000 230.410000 16780
184 217.520000 228.789000 15826
185 219.544000 227.626000 14195
186 218.621000 226.491000 12916
187 218.439000 225.475000 11720
188 219.874000 224.765000 10210
189 219.840000 224.140000 8907
190 218.464000 223.422000 8117
191 221.324000 223.151000 6630
192 218.560000 222.568000 6138
193 221.234000 222.388000 4963
194 219.873000 222.063000 4372
195 220.892000 221.908000 3590
196 220.698000 221.748000 3013
197 222.752000 221.857000 2478
198 221.572000 221.808000 1957
199 221.495000 221.759000 1565
200 216.542000 221.098000 1682
[FINAL]:
Client Throughput=4.263779 Byte/s
AverageUPL=228.649000
    AverageRTT=229.008000
    tcpi_retransmits=0
    tcpi_rto=424000
    tcpi_lost=0
    tcpi_retrans=0
    tcpi_snd_cwnd=18
    tcpi_snd_ssthresh=2147483647
    tcpi_total_retrans=0
101 217.701000 220.057000 1043
102 221.679000 220.250000 1169
103 216.733000 219.801000 1245
104 217.373000 219.489000 1284
105 216.776000 219.141000 1331
106 221.077000 219.374000 1463
107 220.144000 219.460000 1270
108 219.838000 219.498000 1028
109 221.152000 219.698000 1172
110 219.580000 219.675000 925
111 217.736000 219.425000 959
112 221.093000 219.623000 1115
113 221.218000 219.811000 1212
114 221.756000 220.045000 1377
115 220.436000 220.086000 1116
116 220.781000 220.162000 987
117 222.158000 220.402000 1221
118 217.516000 220.031000 1275
119 220.941000 220.135000 1163
120 218.916000 219.973000 1167
121 219.377000 219.889000 1043
122 220.786000 219.990000 983
123 220.417000 220.033000 824
124 219.365000 219.939000 806
125 219.640000 219.893000 697
126 217.933000 219.638000 739
127 221.891000 219.911000 1100
128 219.636000 219.871000 907
129 221.045000 220.006000 951
130 222.328000 220.290000 1281
131 218.798000 220.092000 1290
132 219.041000 219.952000 1248
133 221.431000 220.128000 1289
134 218.987000 219.977000 1269
135 218.323000 219.760000 1283
136 220.535000 219.847000 1136
137 221.920000 220.098000 1354
138 221.536000 220.268000 1357
139 220.476000 220.285000 1051
140 216.476000 219.795000 1140
141 220.785000 219.908000 1081
142 221.967000 220.155000 1305
143 220.158000 220.142000 1005
144 219.404000 220.039000 960
145 217.944000 219.768000 998
146 218.395000 219.586000 1012
147 219.055000 219.514000 904
148 218.455000 219.373000 910
149 220.192000 219.466000 870
150 222.412000 219.825000 1370
151 220.559000 219.904000 1186
152 216.396000 219.459000 1260
153 219.502000 219.457000 950
154 219.322000 219.431000 764
155 219.058000 219.375000 685
156 220.001000 219.444000 652
157 220.901000 219.618000 837
158 220.356000 219.701000 795
159 218.472000 219.541000 810
160 219.587000 219.537000 615
161 220.663000 219.669000 724
162 218.936000 219.569000 727
163 221.077000 219.748000 904
164 219.020000 219.647000 881
165 218.085000 219.439000 905
166 219.634000 219.455000 711
167 219.735000 219.481000 585
168 220.193000 219.558000 593
169 223.094000 219.993000 1315
170 223.054000 220.361000 1722
171 220.638000 220.390000 1350
172 219.095000 220.220000 1350
173 217.911000 219.922000 1382
174 222.213000 220.195000 1582
175 222.163000 220.432000 1661
176 219.410000 220.296000 1519
177 220.406000 220.300000 1147
178 220.008000 220.254000 951
179 221.478000 220.398000 1001
180 218.498000 220.152000 1031
181 218.875000 219.984000 1041
182 223.109000 220.365000 1542
183 219.927000 220.300000 1286
184 218.658000 220.082000 1300
185 222.023000 220.316000 1444
186 218.837000 220.122000 1447
187 221.971000 220.339000 1519
188 219.389000 220.209000 1398
189 220.456000 220.232000 1093
190 217.148000 219.840000 1157
191 217.775000 219.574000 1187
192 218.739000 219.457000 1124
193 218.831000 219.369000 1019
194 220.311000 219.477000 982
195 221.239000 219.689000 1159
196 222.826000 220.072000 1637
197 217.513000 219.739000 1669
198 220.533000 219.829000 1431
199 221.254000 219.998000 1412
200 218.162000 219.756000 1429
[FINAL]:
Client Throughput=4.543521 Byte/s
AverageUPL=219.903000
    AverageRTT=219.872000
    tcpi_retransmits=0
    tcpi_rto=420000
    tcpi_lost=0
    tcpi_retrans=0
    tcpi_snd_cwnd=10
    tcpi_snd_ssthresh=2147483647
    tcpi_total_retrans=0
101 219.529000 221.011000 2373
102 221.543000 221.068000 1894
103 220.949000 221.043000 1470
104 220.683000 220.988000 1212
105 221.704000 221.072000 1076
106 219.351000 220.848000 1098
107 216.753000 220.327000 1194
108 221.156000 220.421000 1084
109 221.192000 220.509000 988
110 218.160000 220.204000 1033
111 220.678000 220.257000 879
112 221.083000 220.350000 847
113 222.047000 220.554000 1042
114 221.253000 220.632000 938
115 217.404000 220.220000 1012
116 220.568000 220.254000 827
117 221.787000 220.436000 986
118 221.107000 220.510000 886
119 220.272000 220.466000 752
120 214.600000 219.724000 914
121 212.621000 218.827000 1109
122 221.812000 219.190000 1558
123 220.070000 219.291000 1370
124 220.444000 219.428000 1303
125 219.994000 219.490000 1101
126 217.881000 219.280000 1119
127 217.382000 219.033000 1145
128 216.737000 218.737000 1183
129 219.371000 218.808000 1029
130 221.335000 219.116000 1387
131 219.707000 219.181000 1171
132 221.381000 219.447000 1410
133 220.504000 219.569000 1301
134 222.099000 219.876000 1591
135 223.056000 220.263000 1968
136 221.761000 220.438000 1826
137 218.187000 220.146000 1842
138 219.522000 220.058000 1558
139 216.918000 219.657000 1609
140 220.264000 219.723000 1340
141 220.649000 219.829000 1217
142 219.516000 219.781000 1010
143 219.883000 219.787000 769
144 221.548000 219.998000 999
145 220.030000 219.992000 761
146 220.305000 220.022000 629
147 216.309000 219.548000 728
148 219.747000 219.567000 583
149 220.491000 219.674000 651
150 219.589000 219.654000 528
151 219.138000 219.577000 531
152 223.155000 220.015000 1273
153 218.089000 219.766000 1295
154 222.326000 220.072000 1585
155 216.694000 219.640000 1644
156 221.797000 219.900000 1753
157 219.308000 219.817000 1480
158 222.204000 220.107000 1690
159 218.168000 219.854000 1701
160 218.411000 219.663000 1656
161 218.706000 219.531000 1507
162 217.495000 219.269000 1525
163 223.296000 219.761000 2128
164 219.898000 219.769000 1611
165 219.840000 219.765000 1216
166 221.926000 220.024000 1431
167 221.251000 220.171000 1366
168 221.149000 220.283000 1250
169 220.681000 220.322000 1015
170 217.328000 219.937000 1079
171 218.061000 219.693000 1107
172 219.017000 219.599000 1016
173 219.014000 219.517000 928
174 221.377000 219.741000 1143
175 221.295000 219.925000 1227
176 217.205000 219.577000 1275
177 221.723000 219.836000 1473
178 219.614000 219.799000 1178
179 222.613000 220.141000 1568
180 218.454000 219.920000 1574
181 217.406000 219.596000 1605
182 220.153000 219.656000 1325
183 218.261000 219.471000 1330
184 222.826000 219.881000 1818
185 223.279000 220.298000 2197
186 221.820000 220.482000 2016
187 218.939000 220.281000 1914
188 220.516000 220.301000 1475
189 220.443000 220.310000 1125
190 216.514000 219.827000 1210
191 219.602000 219.792000 978
192 218.727000 219.649000 983
193 219.742000 219.650000 740
194 220.958000 219.807000 868
195 219.655000 219.780000 704
196 220.168000 219.823000 613
197 216.353000 219.380000 704
198 217.795000 219.171000 734
199 215.970000 218.761000 814
200 219.175000 218.798000 686
[FINAL]:
Client Throughput=4.462060 Byte/s
AverageUPL=219.784000
    AverageRTT=219.880000
    tcpi_retransmits=0
    tcpi_rto=420000
    tcpi_lost=0
    tcpi_retrans=0
    tcpi_snd_cwnd=10
    tcpi_snd_ssthresh=2147483647
    tcpi_total_retrans=0
101 221.735000 219.890000 1490
102 221.790000 220.119000 1574
103 219.568000 220.039000 1338
104 220.358000 220.070000 1065
105 221.191000 220.198000 1055
106 221.204000 220.316000 1027
107 218.509000 220.082000 1054
108 217.252000 219.719000 1111
109 219.509000 219.685000 903
110 221.321000 219.880000 1068
111 216.821000 219.489000 1133
112 220.451000 219.602000 1075
113 223.225000 220.042000 1686
114 217.034000 219.660000 1729
115 221.092000 219.826000 1630
116 220.482000 219.899000 1368
117 221.743000 220.119000 1467
118 220.226000 220.121000 1104
119 219.542000 220.040000 989
120 220.155000 220.045000 751
121 218.730000 219.873000 771
122 219.067000 219.763000 774
123 218.290000 219.570000 798
124 222.464000 219.924000 1306
125 218.353000 219.718000 1316
126 221.154000 219.889000 1329
127 219.975000 219.891000 1001
128 221.699000 220.110000 1189
129 216.244000 219.619000 1274
130 219.095000 219.546000 1104
131 220.905000 219.706000 1149
132 222.684000 220.068000 1585
133 221.843000 220.284000 1621
134 221.157000 220.385000 1418
135 220.623000 220.404000 1102
136 218.619000 220.174000 1125
137 221.443000 220.324000 1145
138 217.270000 219.905000 1213
139 215.611000 219.359000 1312
140 217.416000 219.108000 1334
141 220.560000 219.279000 1343
142 217.292000 219.016000 1367
143 222.147000 219.398000 1789
144 217.552000 219.159000 1792
145 218.519000 219.067000 1527
146 220.606000 219.251000 1513
147 221.084000 219.471000 1575
148 222.108000 219.793000 1825
149 219.233000 219.712000 1530
150 219.134000 219.630000 1312
151 222.139000 219.934000 1594
152 222.733000 220.275000 1876
153 220.625000 220.312000 1481
154 223.453000 220.698000 1882
155 220.752000 220.695000 1417
156 221.712000 220.813000 1299
157 218.357000 220.498000 1337
158 221.278000 220.587000 1181
159 215.862000 219.983000 1295
160 217.962000 219.723000 1320
161 219.764000 219.719000 998
162 219.731000 219.712000 762
163 222.176000 220.010000 1168
164 219.960000 219.991000 914
165 220.888000 220.088000 880
166 216.531000 219.633000 966
167 222.418000 219.973000 1403
168 222.822000 220.316000 1738
169 218.388000 220.068000 1746
170 220.322000 220.092000 1357
171 220.400000 220.121000 1075
172 218.830000 219.953000 1083
173 218.561000 219.774000 1094
174 218.626000 219.625000 1097
175 218.585000 219.490000 1092
176 218.646000 219.381000 1038
177 218.569000 219.274000 993
178 220.405000 219.410000 1017
179 218.574000 219.301000 981
180 218.597000 219.208000 922
181 218.613000 219.128000 850
182 218.586000 219.057000 780
183 222.761000 219.510000 1490
184 218.586000 219.388000 1361
185 219.197000 219.355000 1085
186 217.706000 219.136000 1106
187 222.371000 219.532000 1621
188 216.709000 219.168000 1661
189 219.999000 219.263000 1435
190 221.327000 219.512000 1573
191 219.961000 219.559000 1274
192 221.845000 219.838000 1514
193 221.639000 220.051000 1562
194 216.895000 219.646000 1614
195 218.051000 219.441000 1615
196 221.715000 219.712000 1754
197 220.611000 219.814000 1520
198 281.329000 227.494000 16499
199 281.107000 234.186000 25758
200 265.624000 238.100000 27146
[FINAL]:
Client Throughput=4.529274 Byte/s
AverageUPL=221.563000
    AverageRTT=220.197000
    tcpi_retransmits=0
    tcpi_rto=440000
    tcpi_lost=0
    tcpi_retrans=0
    tcpi_snd_cwnd=10
    tcpi_snd_ssthresh=2147483647
    tcpi_total_retrans=0
101 218.540000 219.110000 1071
102 218.562000 219.034000 956
103 218.594000 218.972000 841
104 218.515000 218.907000 761
105 218.575000 218.857000 670
106 218.557000 218.812000 592
107 218.537000 218.772000 525
108 218.654000 218.750000 437
109 218.569000 218.720000 387
110 214.741000 218.218000 501
111 218.580000 218.256000 451
112 218.520000 218.282000 389
113 218.781000 218.338000 405
114 218.519000 218.354000 336
115 218.677000 218.386000 315
116 218.535000 218.397000 258
117 218.538000 218.409000 217
118 218.601000 218.425000 197
119 218.611000 218.443000 183
120 218.559000 218.451000 153
121 218.583000 218.460000 133
122 218.555000 218.466000 110
123 218.582000 218.473000 99
124 218.663000 218.490000 106
125 218.508000 218.486000 87
126 218.611000 218.495000 84
127 218.646000 218.507000 85
128 218.544000 218.504000 69
129 218.562000 218.505000 54
130 218.608000 218.512000 55
131 218.642000 218.522000 60
132 218.533000 218.518000 54
133 218.597000 218.522000 50
134 218.583000 218.525000 42
135 218.597000 218.528000 39
136 218.568000 218.528000 29
137 218.583000 218.530000 25
138 218.617000 218.535000 30
139 218.619000 218.540000 32
140 218.623000 218.544000 31
141 218.542000 218.538000 32
142 218.588000 218.539000 26
143 218.569000 218.537000 23
144 218.691000 218.551000 44
145 218.518000 218.541000 45
146 218.641000 218.548000 48
147 218.529000 218.540000 48
148 218.591000 218.542000 39
149 218.629000 218.546000 39
150 218.572000 218.544000 34
151 218.640000 218.550000 38
152 218.565000 218.545000 38
153 218.604000 218.547000 32
154 218.567000 218.544000 30
155 218.574000 218.543000 25
156 218.567000 218.540000 24
157 218.631000 218.546000 30
158 218.699000 218.558000 47
159 218.480000 218.543000 49
160 218.572000 218.543000 38
161 218.599000 218.545000 32
162 218.592000 218.543000 26
163 218.608000 218.547000 27
164 218.712000 218.563000 52
165 218.661000 218.562000 40
166 218.496000 218.548000 42
167 218.622000 218.552000 38
168 218.613000 218.550000 33
169 218.611000 218.552000 28
170 218.513000 218.541000 29
171 218.612000 218.545000 29
172 218.600000 218.547000 25
173 218.602000 218.548000 22
174 214.689000 218.061000 143
175 218.592000 218.122000 229
176 218.575000 218.173000 272
177 218.617000 218.222000 303
178 218.572000 218.260000 304
179 218.577000 218.293000 294
180 218.651000 218.332000 299
181 218.546000 218.354000 267
182 218.586000 218.378000 249
183 218.604000 218.400000 230
184 218.544000 218.413000 198
185 218.608000 218.430000 184
186 218.595000 218.447000 172
187 218.598000 218.461000 155
188 218.576000 218.470000 135
189 218.606000 218.481000 124
190 218.603000 218.491000 113
191 218.533000 218.491000 85
192 218.672000 218.509000 98
193 214.634000 218.019000 218
194 218.615000 218.088000 302
195 218.644000 218.153000 356
196 218.538000 218.196000 353
197 218.633000 218.244000 359
198 218.625000 218.285000 352
199 218.484000 218.303000 301
200 218.611000 218.335000 288
[FINAL]:
Client Throughput=4.566568 Byte/s
AverageUPL=218.473000
    AverageRTT=218.485000
    tcpi_retransmits=0
    tcpi_rto=420000
    tcpi_lost=0
    tcpi_retrans=0
    tcpi_snd_cwnd=10
    tcpi_snd_ssthresh=2147483647
    tcpi_total_retrans=0
101 219.063000 219.840000 1056
102 217.792000 219.573000 1090
103 216.937000 219.233000 1141
104 223.381000 219.741000 1873
105 221.776000 219.986000 1894
106 219.134000 219.870000 1653
107 219.218000 219.778000 1422
108 232.914000 221.415000 4339
109 281.434000 228.911000 18248
110 281.110000 235.424000 26711
111 281.064000 241.120000 31426
112 281.151000 246.117000 33562
113 281.248000 250.502000 33942
114 281.051000 254.314000 33080
115 281.129000 257.657000 31497
116 281.149000 260.584000 29477
117 281.086000 263.139000 27218
118 281.264000 265.392000 24918
119 280.690000 267.295000 22495
120 281.402000 269.051000 20383
121 280.860000 270.520000 18225
122 263.579000 269.642000 15425
123 217.003000 263.052000 16590
124 217.387000 257.335000 17501
125 222.303000 252.946000 18051
126 222.203000 249.094000 18449
127 220.727000 245.539000 18762
128 222.179000 242.610000 18908
129 220.839000 239.876000 19000
130 220.768000 237.479000 19005
131 218.330000 235.076000 19012
132 218.491000 232.994000 18424
133 235.321000 233.277000 14385
134 219.380000 231.534000 14274
135 217.026000 229.712000 14284
136 218.002000 228.238000 13662
137 220.201000 227.226000 12269
138 218.649000 226.146000 11363
139 222.418000 225.671000 9472
140 218.032000 224.706000 9033
141 221.242000 224.261000 7665
142 218.821000 223.571000 7129
143 220.113000 223.129000 6230
144 216.669000 222.313000 6239
145 217.532000 221.703000 5900
146 219.917000 221.469000 4892
147 220.445000 221.331000 3945
148 220.379000 221.204000 3214
149 219.074000 220.928000 2962
150 218.594000 220.625000 2827
151 219.193000 220.436000 2498
152 219.499000 220.309000 2128
153 222.034000 220.518000 2013
154 220.631000 220.523000 1521
155 222.246000 220.725000 1543
156 217.104000 220.262000 1611
157 221.772000 220.444000 1572
158 221.184000 220.523000 1337
159 221.043000 220.577000 1112
160 219.081000 220.382000 1126
161 222.747000 220.668000 1417
162 220.343000 220.619000 1161
163 218.393000 220.331000 1197
164 219.150000 220.173000 1199
165 219.057000 220.024000 1197
166 220.697000 220.099000 1047
167 218.381000 219.872000 1071
168 221.832000 220.106000 1271
169 217.755000 219.802000 1307
170 219.877000 219.802000 981
171 220.439000 219.873000 877
172 221.909000 220.118000 1148
173 217.908000 219.833000 1183
174 219.775000 219.817000 920
175 220.553000 219.899000 854
176 217.320000 219.570000 910
177 221.393000 219.789000 1121
178 219.067000 219.689000 1040
179 218.490000 219.530000 1047
180 219.342000 219.498000 850
181 221.592000 219.751000 1143
182 221.130000 219.912000 1179
183 219.916000 219.903000 902
184 222.167000 220.177000 1225
185 220.571000 220.216000 997
186 217.560000 219.875000 1051
187 221.165000 220.025000 1089
188 218.925000 219.878000 1091
189 219.388000 219.804000 966
190 219.673000 219.777000 778
191 220.554000 219.866000 760
192 221.863000 220.107000 1052
193 219.602000 220.034000 934
194 222.559000 220.340000 1314
195 216.775000 219.889000 1386
196 222.811000 220.246000 1754
197 219.412000 220.134000 1540
198 220.835000 220.212000 1311
199 222.441000 220.481000 1520
200 218.224000 220.186000 1546
[FINAL]:
Client Throughput=4.474800 Byte/s
AverageUPL=228.558000
    AverageRTT=228.467000
    tcpi_retransmits=0
    tcpi_rto=424000
    tcpi_lost=0
    tcpi_retrans=0
    tcpi_snd_cwnd=10
    tcpi_snd_ssthresh=2147483647
    tcpi_total_retrans=0
