101 220.761000 221.139000 1299
102 222.022000 221.266000 1228
103 220.379000 221.148000 1158
104 222.068000 221.256000 1086
105 221.939000 221.337000 976
106 220.487000 221.222000 962
107 219.892000 221.048000 975
108 218.625000 220.737000 1022
109 220.738000 220.730000 781
110 222.221000 220.910000 947
111 219.789000 220.762000 954
112 221.929000 220.902000 996
113 267.421000 226.712000 12367
114 281.220000 233.522000 22896
115 281.347000 239.493000 29113
116 281.669000 244.755000 32358
117 280.517000 249.218000 33195
118 281.023000 253.189000 32838
119 281.254000 256.684000 31618
120 281.113000 259.730000 29807
121 281.077000 262.395000 27685
122 265.685000 262.795000 21563
123 283.336000 265.355000 21294
124 279.084000 267.066000 19391
125 281.056000 268.809000 18029
126 281.319000 270.359000 16621
127 280.974000 271.681000 15110
128 265.529000 270.905000 12884
129 281.178000 272.180000 12214
130 281.149000 273.297000 11394
131 234.875000 268.485000 12241
132 219.215000 262.322000 13399
133 221.750000 257.246000 14249
134 218.161000 252.352000 15027
135 217.639000 248.004000 15645
136 220.010000 244.502000 16031
137 217.927000 241.167000 16364
138 218.709000 238.360000 16554
139 214.166000 235.290000 16804
140 219.108000 233.265000 16653
141 220.554000 231.668000 15684
142 222.729000 230.543000 14013
143 220.202000 229.244000 13108
144 221.487000 228.268000 11783
145 222.171000 227.499000 10375
146 220.886000 226.663000 9453
147 218.760000 225.669000 9079
148 217.606000 224.654000 8838
149 218.685000 223.899000 8138
150 221.998000 223.654000 6595
151 219.808000 223.167000 5919
152 220.947000 222.883000 5007
153 220.135000 222.534000 4453
154 223.438000 222.640000 3552
155 220.249000 222.337000 3271
156 219.365000 221.957000 3212
157 218.837000 221.566000 3193
158 220.990000 221.484000 2558
159 219.133000 221.183000 2519
160 222.215000 221.305000 2133
161 216.997000 220.757000 2203
162 220.217000 220.686000 1795
163 220.126000 220.608000 1502
164 217.157000 220.169000 1565
165 218.875000 220.002000 1508
166 221.185000 220.143000 1412
167 222.318000 220.408000 1589
168 221.770000 220.572000 1521
169 217.720000 220.208000 1564
170 219.529000 220.118000 1354
171 219.636000 220.051000 1149
172 218.743000 219.881000 1156
173 221.068000 220.020000 1146
174 223.409000 220.431000 1682
175 220.482000 220.429000 1266
176 220.588000 220.449000 988
177 222.516000 220.699000 1241
178 220.503000 220.660000 1008
179 222.712000 220.915000 1265
180 221.675000 221.001000 1122
181 219.049000 220.753000 1149
182 219.199000 220.552000 1164
183 220.876000 220.585000 940
184 220.670000 220.590000 714
185 222.986000 220.882000 1120
186 216.244000 220.283000 1234
187 218.541000 220.058000 1252
188 217.925000 219.787000 1280
189 222.232000 220.087000 1559
190 220.823000 220.171000 1339
191 220.598000 220.220000 1100
192 219.992000 220.185000 895
193 222.685000 220.490000 1281
194 217.966000 220.165000 1323
195 217.680000 219.852000 1359
196 217.674000 219.572000 1387
197 218.329000 219.413000 1358
198 223.700000 219.936000 2064
199 220.066000 219.947000 1570
200 220.546000 220.020000 1324
[FINAL]:
Server Throughput=4472.655870 Byte/s
AverageUPL=230.835000
    AverageRTT=230.861000
    tcpi_retransmits=0
    tcpi_rto=424000
    tcpi_lost=0
    tcpi_retrans=0
    tcpi_snd_cwnd=18
    tcpi_snd_ssthresh=2147483647
    tcpi_total_retrans=0
101 216.098000 219.341000 886
102 220.167000 219.461000 904
103 220.532000 219.578000 913
104 221.745000 219.846000 1221
105 221.943000 220.103000 1428
106 219.006000 219.959000 1359
107 222.460000 220.264000 1630
108 219.811000 220.203000 1346
109 220.236000 220.206000 1016
110 221.364000 220.336000 1023
111 219.507000 220.226000 986
112 217.172000 219.839000 1052
113 217.918000 219.591000 1081
114 222.237000 219.921000 1471
115 218.059000 219.674000 1487
116 221.517000 219.898000 1564
117 221.997000 220.152000 1681
118 221.274000 220.287000 1529
119 219.242000 220.150000 1419
120 219.030000 220.004000 1357
121 221.426000 220.173000 1357
122 219.969000 220.142000 1081
123 219.755000 220.088000 919
124 220.122000 220.084000 697
125 218.792000 219.914000 717
126 218.008000 219.669000 756
127 219.402000 219.628000 648
128 221.947000 219.912000 1054
129 220.403000 219.969000 904
130 216.835000 219.565000 976
131 218.333000 219.404000 986
132 217.985000 219.219000 1001
133 217.411000 218.992000 1027
134 220.218000 219.128000 1042
135 219.634000 219.186000 899
136 221.177000 219.428000 1157
137 221.665000 219.696000 1405
138 219.580000 219.682000 1082
139 222.554000 220.032000 1510
140 219.171000 219.910000 1377
141 220.445000 219.972000 1157
142 219.447000 219.900000 1012
143 217.925000 219.645000 1044
144 219.867000 219.661000 814
145 220.934000 219.812000 914
146 220.530000 219.895000 851
147 222.733000 220.241000 1329
148 219.336000 220.123000 1232
149 220.397000 220.150000 978
150 222.351000 220.418000 1268
151 220.835000 220.462000 1040
152 220.163000 220.425000 854
153 220.219000 220.390000 710
154 218.821000 220.186000 739
155 217.855000 219.890000 789
156 218.921000 219.760000 797
157 221.671000 219.994000 1065
158 222.526000 220.303000 1417
159 222.491000 220.569000 1595
160 216.047000 219.998000 1688
161 221.304000 220.155000 1581
162 219.811000 220.102000 1293
163 220.851000 220.190000 1146
164 217.186000 219.807000 1206
165 219.383000 219.745000 1028
166 219.968000 219.767000 815
167 217.364000 219.460000 866
168 218.881000 219.380000 810
169 222.158000 219.723000 1293
170 222.438000 220.055000 1635
171 215.890000 219.529000 1716
172 219.827000 219.560000 1347
173 219.633000 219.561000 1014
174 220.551000 219.681000 999
175 223.622000 220.159000 1706
176 217.405000 219.814000 1739
177 218.711000 219.667000 1598
178 221.367000 219.871000 1606
179 218.805000 219.727000 1491
180 220.099000 219.765000 1194
181 221.595000 219.989000 1344
182 221.473000 220.168000 1365
183 220.782000 220.240000 1168
184 223.209000 220.602000 1601
185 219.068000 220.403000 1599
186 219.610000 220.298000 1410
187 220.206000 220.278000 1096
188 220.839000 220.342000 950
189 224.259000 220.825000 1679
190 217.856000 220.449000 1720
191 221.542000 220.579000 1551
192 221.621000 220.698000 1400
193 218.106000 220.368000 1439
194 219.797000 220.289000 1237
195 218.562000 220.072000 1253
196 222.933000 220.421000 1638
197 220.369000 220.406000 1258
198 219.339000 220.265000 1226
199 219.158000 220.122000 1205
200 221.501000 220.289000 1238
[FINAL]:
Server Throughput=4578.241937 Byte/s
AverageUPL=220.062000
    AverageRTT=219.974000
    tcpi_retransmits=0
    tcpi_rto=424000
    tcpi_lost=0
    tcpi_retrans=0
    tcpi_snd_cwnd=18
    tcpi_snd_ssthresh=2147483647
    tcpi_total_retrans=0
101 219.002000 220.139000 1413
102 220.896000 220.247000 1275
103 222.692000 220.538000 1538
104 219.184000 220.362000 1505
105 222.917000 220.676000 1755
106 221.145000 220.731000 1427
107 221.157000 220.774000 1157
108 220.837000 220.775000 869
109 220.980000 220.794000 690
110 222.865000 221.050000 1028
111 222.142000 221.178000 1028
112 218.402000 220.826000 1084
113 219.140000 220.607000 1105
114 223.046000 220.906000 1427
115 219.682000 220.745000 1391
116 216.933000 220.263000 1468
117 219.909000 220.210000 1206
118 219.996000 220.178000 969
119 220.479000 220.207000 785
120 217.599000 219.873000 844
121 219.864000 219.861000 657
122 220.143000 219.890000 552
123 220.720000 219.987000 608
124 215.823000 219.462000 720
125 250.225000 223.302000 8221
126 281.310000 230.540000 20641
127 281.226000 236.872000 28146
128 281.082000 242.390000 32145
129 234.042000 241.341000 26207
130 281.229000 246.320000 29614
131 281.282000 250.684000 30938
132 281.058000 254.477000 30789
133 281.129000 257.804000 29747
134 281.927000 260.806000 28314
135 280.486000 263.263000 26148
136 228.834000 258.950000 26409
137 222.519000 254.391000 26723
138 220.682000 250.168000 26944
139 221.769000 246.613000 26991
140 221.307000 243.442000 26585
141 219.622000 240.459000 25905
142 219.984000 237.892000 24562
143 222.039000 235.903000 22399
144 223.001000 234.283000 20039
145 218.091000 232.253000 19091
146 218.468000 230.524000 17775
147 221.188000 229.349000 15681
148 222.060000 228.428000 13603
149 218.499000 227.179000 12701
150 220.052000 226.281000 11321
151 219.293000 225.406000 10241
152 220.470000 224.779000 8935
153 221.613000 224.380000 7499
154 216.062000 223.330000 7527
155 221.343000 223.076000 6154
156 221.118000 222.827000 5114
157 222.798000 222.815000 3859
158 221.918000 222.697000 3131
159 220.877000 222.461000 2819
160 222.969000 222.517000 2226
161 219.122000 222.089000 2264
162 222.536000 222.128000 1776
163 221.167000 222.004000 1580
164 221.521000 221.930000 1334
165 219.641000 221.642000 1364
166 222.821000 221.778000 1297
167 218.356000 221.346000 1364
168 221.387000 221.343000 1029
169 218.931000 221.034000 1074
170 221.059000 221.036000 809
171 221.478000 221.082000 700
172 220.788000 221.032000 625
173 220.859000 221.003000 527
174 215.898000 220.358000 671
175 218.831000 220.162000 699
176 221.804000 220.359000 918
177 216.225000 219.834000 1020
178 220.946000 219.966000 1029
179 219.878000 219.947000 810
180 220.945000 220.066000 844
181 221.632000 220.255000 1011
182 219.930000 220.209000 851
183 219.578000 220.118000 821
184 221.337000 220.266000 912
185 220.368000 220.271000 695
186 220.243000 220.259000 545
187 219.730000 220.187000 546
188 219.184000 220.054000 562
189 218.754000 219.891000 586
190 216.697000 219.483000 669
191 218.645000 219.371000 676
192 222.354000 219.732000 1230
193 219.938000 219.752000 961
194 219.452000 219.713000 799
195 220.403000 219.790000 753
196 216.481000 219.366000 836
197 218.816000 219.291000 778
198 222.998000 219.747000 1495
199 219.037000 219.652000 1311
200 216.338000 219.229000 1375
[FINAL]:
Server Throughput=4439.290527 Byte/s
AverageUPL=226.232000
    AverageRTT=226.252000
    tcpi_retransmits=0
    tcpi_rto=420000
    tcpi_lost=0
    tcpi_retrans=0
    tcpi_snd_cwnd=18
    tcpi_snd_ssthresh=2147483647
    tcpi_total_retrans=0
101 220.003000 220.489000 1240
102 217.347000 220.118000 1294
103 221.287000 220.254000 1243
104 217.843000 219.948000 1280
105 220.198000 219.972000 1007
106 220.894000 220.084000 980
107 215.123000 219.450000 1107
108 216.830000 219.117000 1156
109 218.562000 219.039000 1023
110 221.799000 219.378000 1446
111 218.039000 219.208000 1425
112 217.731000 219.016000 1428
113 218.931000 218.998000 1107
114 222.084000 219.377000 1589
115 221.047000 219.578000 1594
116 220.539000 219.693000 1425
117 219.352000 219.643000 1169
118 221.626000 219.886000 1364
119 222.748000 220.237000 1724
120 223.143000 220.593000 2006
121 221.501000 220.701000 1720
122 217.506000 220.295000 1768
123 215.003000 219.554000 1898
124 219.671000 219.559000 1433
125 221.392000 219.775000 1507
126 220.470000 219.857000 1294
127 220.292000 219.905000 1066
128 220.673000 219.995000 979
129 219.727000 219.956000 811
130 222.803000 220.311000 1317
131 220.397000 220.311000 988
132 220.857000 220.369000 858
133 221.728000 220.531000 968
134 220.438000 220.511000 767
135 220.573000 220.512000 577
136 222.300000 220.729000 867
137 220.009000 220.631000 846
138 221.121000 220.683000 739
139 217.843000 220.322000 806
140 220.244000 220.306000 636
141 219.310000 220.173000 650
142 219.374000 220.065000 656
143 222.702000 220.390000 1142
144 219.768000 220.303000 1030
145 220.477000 220.318000 802
146 219.571000 220.216000 802
147 222.510000 220.495000 1160
148 222.517000 220.741000 1361
149 220.127000 220.663000 1176
150 219.545000 220.515000 1177
151 222.625000 220.770000 1393
152 218.281000 220.454000 1428
153 219.754000 220.358000 1263
154 217.820000 220.040000 1303
155 219.626000 219.979000 1098
156 217.963000 219.717000 1129
157 219.337000 219.662000 957
158 216.180000 219.221000 1038
159 220.452000 219.367000 1071
160 218.089000 219.201000 1079
161 218.763000 219.140000 931
162 218.988000 219.114000 750
163 221.931000 219.458000 1251
164 219.034000 219.399000 1057
165 221.796000 219.697000 1388
166 223.663000 220.183000 2013
167 222.318000 220.442000 2027
168 219.680000 220.338000 1729
169 218.740000 220.133000 1707
170 219.243000 220.011000 1524
171 220.293000 220.040000 1203
172 219.766000 220.005000 974
173 218.615000 219.826000 988
174 218.603000 219.670000 996
175 220.408000 219.753000 914
176 219.303000 219.690000 813
177 216.959000 219.343000 874
178 222.724000 219.760000 1488
179 219.494000 219.723000 1190
180 219.568000 219.694000 949
181 221.739000 219.942000 1207
182 223.184000 220.341000 1703
183 217.499000 219.980000 1740
184 220.618000 220.052000 1450
185 219.172000 219.936000 1319
186 224.056000 220.439000 1995
187 220.876000 220.486000 1590
188 219.886000 220.407000 1350
189 220.099000 220.361000 1106
190 219.550000 220.253000 1045
191 222.330000 220.505000 1289
192 221.649000 220.647000 1250
193 222.366000 220.850000 1344
194 220.396000 220.787000 1135
195 216.371000 220.227000 1239
196 222.569000 220.513000 1501
197 216.763000 220.037000 1573
198 223.434000 220.454000 2014
199 220.831000 220.494000 1591
200 222.543000 220.745000 1694
[FINAL]:
Server Throughput=4524.365347 Byte/s
AverageUPL=220.115000
    AverageRTT=220.044000
    tcpi_retransmits=0
    tcpi_rto=424000
    tcpi_lost=0
    tcpi_retrans=0
    tcpi_snd_cwnd=18
    tcpi_snd_ssthresh=2147483647
    tcpi_total_retrans=0
101 219.923000 226.927000 9364
102 219.620000 226.027000 8823
103 221.974000 225.514000 7643
104 218.884000 224.678000 7405
105 215.634000 223.542000 7457
106 222.005000 223.344000 5989
107 222.456000 223.225000 4729
108 219.397000 222.740000 4517
109 220.753000 222.483000 3901
110 222.547000 222.482000 2928
111 219.695000 222.134000 2893
112 220.680000 221.942000 2552
113 221.169000 221.838000 2124
114 220.639000 221.682000 1905
115 219.529000 221.404000 1915
116 215.483000 220.659000 2041
117 222.541000 220.886000 1985
118 219.182000 220.668000 1924
119 220.226000 220.604000 1570
120 219.154000 220.416000 1554
121 220.425000 220.411000 1176
122 219.686000 220.309000 1085
123 219.978000 220.261000 910
124 221.382000 220.390000 940
125 219.595000 220.285000 915
126 219.073000 220.128000 925
127 219.814000 220.080000 790
128 223.395000 220.487000 1407
129 221.448000 220.596000 1274
130 221.856000 220.753000 1269
131 222.761000 220.993000 1431
132 222.236000 221.141000 1370
133 220.739000 221.085000 1140
134 217.491000 220.633000 1217
135 219.694000 220.506000 1167
136 222.075000 220.695000 1253
137 219.732000 220.566000 1198
138 217.904000 220.226000 1246
139 218.706000 220.030000 1256
140 221.426000 220.191000 1264
141 221.788000 220.384000 1334
142 219.102000 220.219000 1332
143 217.808000 219.911000 1367
144 220.575000 219.986000 1175
145 221.871000 220.215000 1338
146 222.784000 220.530000 1636
147 218.225000 220.235000 1658
148 221.105000 220.335000 1444
149 216.603000 219.863000 1516
150 219.497000 219.810000 1243
151 219.849000 219.808000 936
152 219.794000 219.800000 719
153 222.448000 220.123000 1184
154 221.637000 220.310000 1263
155 220.051000 220.268000 1031
156 220.973000 220.349000 935
157 219.887000 220.283000 833
158 239.728000 222.703000 5464
159 281.066000 229.992000 18677
160 282.071000 236.483000 26989
161 280.488000 241.969000 31214
162 280.989000 246.844000 33161
163 281.271000 251.137000 33455
164 281.049000 254.868000 32554
165 281.459000 258.184000 31047
166 280.798000 261.005000 28929
167 281.123000 263.513000 26712
168 281.175000 265.714000 24436
169 281.167000 267.638000 22174
170 281.295000 269.340000 20036
171 281.173000 270.807000 17959
172 263.370000 269.873000 15337
173 223.320000 264.045000 16314
174 216.125000 258.054000 17302
175 222.195000 253.564000 17884
176 219.488000 249.293000 18393
177 219.990000 245.624000 18735
178 219.263000 242.322000 18975
179 221.020000 239.647000 19051
180 218.868000 237.047000 19105
181 220.149000 234.926000 18570
182 220.081000 233.065000 17649
183 219.984000 231.423000 16521
184 217.775000 229.709000 15820
185 219.548000 228.434000 14414
186 217.421000 227.050000 13579
187 220.064000 226.169000 11946
188 219.524000 225.334000 10630
189 217.843000 224.380000 9879
190 218.933000 223.696000 8778
191 219.663000 223.185000 7606
192 219.999000 222.781000 6513
193 220.212000 222.456000 5533
194 219.686000 222.102000 4859
195 221.104000 221.964000 3919
196 220.384000 221.762000 3344
197 223.175000 221.932000 2849
198 220.730000 221.780000 2442
199 222.736000 221.886000 2044
200 220.019000 221.644000 2016
[FINAL]:
Server Throughput=4283.369936 Byte/s
AverageUPL=228.724000
    AverageRTT=229.107000
    tcpi_retransmits=0
    tcpi_rto=424000
    tcpi_lost=0
    tcpi_retrans=0
    tcpi_snd_cwnd=18
    tcpi_snd_ssthresh=2147483647
    tcpi_total_retrans=0
101 217.467000 220.282000 1619
102 219.476000 220.200000 1377
103 218.405000 219.965000 1393
104 216.843000 219.567000 1449
105 217.968000 219.364000 1454
106 219.791000 219.410000 1184
107 220.014000 219.479000 1025
108 220.566000 219.604000 1019
109 219.205000 219.547000 876
110 222.447000 219.903000 1368
111 216.582000 219.480000 1431
112 219.853000 219.521000 1156
113 220.722000 219.663000 1151
114 221.725000 219.913000 1364
115 220.632000 219.997000 1191
116 222.388000 220.288000 1474
117 220.379000 220.295000 1119
118 219.798000 220.227000 975
119 217.922000 219.936000 1017
120 221.812000 220.161000 1213
121 220.256000 220.164000 917
122 218.901000 219.999000 930
123 221.789000 220.217000 1134
124 217.123000 219.824000 1196
125 219.248000 219.744000 1057
126 220.739000 219.853000 1010
127 219.504000 219.806000 852
128 220.833000 219.927000 881
129 221.693000 220.141000 1089
130 220.055000 220.124000 851
131 219.547000 220.038000 811
132 221.598000 220.230000 994
133 219.881000 220.179000 848
134 221.073000 220.284000 846
135 218.266000 220.025000 884
136 219.161000 219.912000 885
137 220.776000 220.012000 864
138 222.040000 220.256000 1136
139 219.839000 220.199000 968
140 219.102000 220.054000 973
141 217.526000 219.731000 1024
142 223.035000 220.137000 1580
143 218.914000 219.980000 1500
144 220.746000 220.066000 1298
145 218.368000 219.848000 1312
146 219.067000 219.743000 1194
147 218.364000 219.565000 1201
148 220.105000 219.626000 1022
149 219.900000 219.649000 813
150 220.084000 219.696000 704
151 220.461000 219.783000 702
152 219.513000 219.741000 611
153 219.628000 219.721000 499
154 218.911000 219.612000 511
155 218.723000 219.494000 524
156 219.694000 219.504000 413
157 219.299000 219.476000 365
158 222.005000 219.786000 892
159 218.073000 219.564000 919
160 220.633000 219.691000 941
161 217.933000 219.463000 969
162 219.133000 219.418000 817
163 221.121000 219.621000 1018
164 219.338000 219.581000 845
165 219.862000 219.610000 693
166 218.427000 219.456000 710
167 220.690000 219.598000 817
168 218.296000 219.433000 832
169 223.130000 219.887000 1533
170 223.208000 220.295000 1966
171 221.918000 220.491000 1867
172 220.831000 220.527000 1471
173 216.409000 220.004000 1556
174 220.742000 220.093000 1344
175 222.673000 220.410000 1643
176 220.109000 220.367000 1319
177 218.815000 220.166000 1328
178 221.322000 220.304000 1272
179 222.502000 220.567000 1479
180 219.456000 220.425000 1392
181 218.849000 220.226000 1399
182 219.885000 220.172000 1156
183 221.317000 220.301000 1123
184 219.310000 220.171000 1101
185 221.307000 220.306000 1096
186 219.153000 220.158000 1098
187 221.205000 220.281000 1071
188 222.020000 220.491000 1224
189 218.780000 220.272000 1240
190 219.281000 220.140000 1193
191 217.781000 219.839000 1231
192 219.247000 219.760000 1081
193 216.208000 219.308000 1160
194 221.067000 219.520000 1296
195 221.029000 219.696000 1323
196 221.455000 219.912000 1425
197 219.316000 219.831000 1232
198 220.628000 219.921000 1105
199 219.920000 219.917000 838
200 220.208000 219.952000 700
[FINAL]:
Server Throughput=4565.980391 Byte/s
AverageUPL=219.923000
    AverageRTT=219.920000
    tcpi_retransmits=0
    tcpi_rto=420000
    tcpi_lost=0
    tcpi_retrans=0
    tcpi_snd_cwnd=10
    tcpi_snd_ssthresh=2147483647
    tcpi_total_retrans=0
101 222.053000 221.449000 2355
102 218.304000 221.070000 2376
103 221.746000 221.149000 1939
104 220.507000 221.062000 1627
105 221.573000 221.120000 1337
106 220.527000 221.040000 1163
107 217.442000 220.581000 1241
108 219.512000 220.442000 1211
109 220.818000 220.477000 978
110 219.118000 220.307000 990
111 218.996000 220.132000 1002
112 221.519000 220.298000 1083
113 222.095000 220.516000 1249
114 221.066000 220.579000 1063
115 219.258000 220.413000 1071
116 217.936000 220.094000 1117
117 223.420000 220.503000 1656
118 220.304000 220.472000 1304
119 221.786000 220.620000 1273
120 215.559000 219.985000 1392
121 213.962000 219.216000 1540
122 218.714000 219.145000 1297
123 218.155000 219.017000 1229
124 222.061000 219.390000 1668
125 219.846000 219.439000 1348
126 220.394000 219.554000 1241
127 216.540000 219.169000 1299
128 217.215000 218.918000 1321
129 217.195000 218.690000 1336
130 222.395000 219.148000 1918
131 221.431000 219.425000 1992
132 218.464000 219.300000 1744
133 220.202000 219.405000 1517
134 222.111000 219.742000 1812
135 222.971000 220.137000 2149
136 223.093000 220.500000 2337
137 219.850000 220.414000 1925
138 218.173000 220.127000 1936
139 218.859000 219.965000 1776
140 217.139000 219.605000 1811
141 220.891000 219.758000 1664
142 220.893000 219.893000 1518
143 220.845000 220.003000 1359
144 218.516000 219.812000 1364
145 219.984000 219.826000 1052
146 220.615000 219.918000 972
147 219.938000 219.912000 741
148 218.421000 219.719000 766
149 220.994000 219.873000 881
150 220.507000 219.941000 798
151 217.555000 219.640000 848
152 221.392000 219.852000 1059
153 218.959000 219.737000 1025
154 221.418000 219.940000 1174
155 218.665000 219.774000 1179
156 221.042000 219.919000 1175
157 218.662000 219.757000 1179
158 222.238000 220.067000 1503
159 219.089000 219.930000 1400
160 218.279000 219.720000 1409
161 220.997000 219.872000 1361
162 216.949000 219.497000 1413
163 220.137000 219.576000 1218
164 219.900000 219.610000 981
165 222.195000 219.919000 1354
166 219.606000 219.872000 1109
167 221.793000 220.108000 1302
168 221.002000 220.215000 1192
169 220.627000 220.259000 981
170 219.709000 220.184000 885
171 218.828000 220.011000 900
172 219.540000 219.945000 806
173 216.345000 219.490000 895
174 220.791000 219.643000 978
175 223.304000 220.095000 1637
176 218.139000 219.844000 1649
177 219.138000 219.754000 1416
178 222.746000 220.120000 1793
179 219.598000 220.047000 1491
180 220.434000 220.088000 1200
181 218.285000 219.855000 1221
182 218.123000 219.634000 1238
183 220.489000 219.733000 1126
184 219.863000 219.740000 859
185 222.606000 220.092000 1348
186 222.596000 220.399000 1626
187 220.060000 220.350000 1318
188 221.805000 220.525000 1338
189 220.362000 220.493000 1069
190 217.660000 220.132000 1126
191 218.339000 219.901000 1148
192 218.897000 219.769000 1126
193 219.826000 219.768000 847
194 217.842000 219.519000 883
195 221.284000 219.732000 1088
196 221.514000 219.956000 1263
197 215.752000 219.421000 1357
198 218.773000 219.333000 1194
199 216.803000 219.011000 1237
200 219.364000 219.048000 1000
[FINAL]:
Server Throughput=4483.376391 Byte/s
AverageUPL=219.832000
    AverageRTT=219.941000
    tcpi_retransmits=0
    tcpi_rto=420000
    tcpi_lost=0
    tcpi_retrans=0
    tcpi_snd_cwnd=10
    tcpi_snd_ssthresh=2147483647
    tcpi_total_retrans=0
101 222.622000 219.769000 1771
102 221.102000 219.954000 1698
103 222.733000 220.295000 1956
104 217.501000 219.938000 1984
105 222.662000 220.277000 2165
106 219.876000 220.217000 1743
107 221.558000 220.378000 1628
108 217.164000 219.971000 1679
109 219.118000 219.858000 1484
110 219.803000 219.846000 1138
111 218.240000 219.638000 1154
112 217.776000 219.397000 1178
113 223.280000 219.877000 1843
114 219.658000 219.841000 1453
115 220.313000 219.894000 1197
116 220.408000 219.955000 1018
117 221.538000 220.146000 1147
118 220.401000 220.172000 912
119 220.308000 220.181000 703
120 220.117000 220.168000 554
121 218.983000 220.013000 575
122 219.941000 219.994000 468
123 216.521000 219.553000 564
124 220.740000 219.701000 719
125 221.341000 219.896000 928
126 218.825000 219.750000 935
127 221.498000 219.963000 1128
128 220.865000 220.069000 1057
129 218.584000 219.878000 1072
130 218.405000 219.687000 1086
131 219.791000 219.694000 828
132 221.772000 219.948000 1129
133 222.794000 220.296000 1543
134 219.560000 220.194000 1361
135 223.432000 220.595000 1824
136 218.468000 220.319000 1836
137 219.308000 220.185000 1644
138 220.868000 220.264000 1391
139 215.416000 219.652000 1501
140 216.957000 219.307000 1540
141 217.250000 219.046000 1557
142 220.257000 219.190000 1454
143 219.530000 219.229000 1169
144 221.068000 219.450000 1320
145 218.192000 219.280000 1321
146 218.385000 219.163000 1225
147 222.095000 219.524000 1639
148 220.243000 219.611000 1405
149 219.618000 219.600000 1077
150 221.531000 219.834000 1277
151 220.650000 219.922000 1134
152 221.807000 220.154000 1315
153 222.246000 220.410000 1497
154 221.194000 220.502000 1308
155 222.829000 220.784000 1544
156 221.351000 220.848000 1287
157 218.547000 220.553000 1320
158 219.781000 220.449000 1197
159 219.445000 220.317000 1162
160 217.262000 219.929000 1223
161 218.763000 219.778000 1218
162 218.646000 219.629000 1213
163 221.787000 219.892000 1437
164 220.352000 219.941000 1176
165 222.831000 220.296000 1590
166 217.569000 219.944000 1628
167 219.475000 219.884000 1341
168 222.124000 220.151000 1539
169 221.414000 220.309000 1470
170 217.912000 220.005000 1500
171 220.560000 220.064000 1244
172 220.415000 220.105000 1014
173 218.945000 219.957000 1019
174 218.597000 219.783000 1031
175 218.640000 219.634000 1036
176 218.593000 219.502000 1036
177 218.589000 219.384000 1014
178 220.640000 219.534000 1059
179 218.425000 219.392000 1062
180 218.554000 219.285000 1011
181 218.677000 219.203000 923
182 218.554000 219.119000 860
183 220.274000 219.255000 917
184 220.922000 219.462000 1102
185 220.421000 219.573000 1049
186 217.557000 219.319000 1079
187 219.447000 219.326000 824
188 219.334000 219.322000 627
189 219.889000 219.381000 588
190 219.196000 219.351000 500
191 222.037000 219.685000 1042
192 220.887000 219.827000 1067
193 219.902000 219.830000 805
194 220.013000 219.846000 636
195 217.199000 219.507000 701
196 221.239000 219.718000 947
197 220.997000 219.871000 1016
198 251.097000 223.769000 8558
199 280.790000 230.891000 20662
200 281.109000 237.161000 28036
[FINAL]:
Server Throughput=4553.499544 Byte/s
AverageUPL=221.459000
    AverageRTT=220.164000
    tcpi_retransmits=0
    tcpi_rto=440000
    tcpi_lost=0
    tcpi_retrans=0
    tcpi_snd_cwnd=10
    tcpi_snd_ssthresh=2147483647
    tcpi_total_retrans=0
101 218.647000 219.188000 1401
102 218.462000 219.108000 1211
103 218.562000 219.034000 1055
104 218.666000 218.982000 896
105 218.595000 218.930000 777
106 218.597000 218.883000 675
107 218.569000 218.840000 593
108 218.639000 218.808000 508
109 218.596000 218.778000 442
110 215.757000 218.396000 524
111 217.557000 218.285000 535
112 218.592000 218.318000 468
113 218.592000 218.348000 410
114 218.783000 218.395000 403
115 218.572000 218.414000 340
116 218.611000 218.432000 291
117 218.753000 218.464000 283
118 218.475000 218.461000 218
119 218.600000 218.474000 188
120 218.717000 218.497000 188
121 218.509000 218.494000 148
122 218.610000 218.503000 129
123 218.564000 218.505000 102
124 218.614000 218.514000 94
125 218.702000 218.532000 107
126 218.565000 218.530000 84
127 218.578000 218.530000 63
128 218.619000 218.536000 61
129 218.584000 218.537000 46
130 218.582000 218.539000 40
131 218.645000 218.548000 47
132 218.603000 218.549000 37
133 218.586000 218.552000 34
134 218.640000 218.558000 38
135 218.587000 218.558000 28
136 218.600000 218.560000 25
137 218.644000 218.566000 31
138 218.592000 218.567000 25
139 218.729000 218.584000 54
140 218.485000 218.568000 56
141 218.678000 218.575000 56
142 218.551000 218.570000 54
143 218.600000 218.570000 40
144 218.627000 218.572000 36
145 218.616000 218.574000 30
146 218.610000 218.576000 27
147 218.726000 218.589000 46
148 218.484000 218.574000 48
149 218.650000 218.578000 45
150 218.559000 218.570000 46
151 218.633000 218.575000 44
152 218.610000 218.577000 36
153 218.621000 218.578000 29
154 218.696000 218.587000 41
155 218.491000 218.572000 43
156 218.766000 218.593000 73
157 218.620000 218.589000 63
158 218.477000 218.573000 65
159 218.624000 218.575000 52
160 218.614000 218.573000 42
161 218.563000 218.569000 41
162 218.616000 218.571000 35
163 218.624000 218.574000 32
164 218.767000 218.594000 64
165 218.575000 218.588000 60
166 218.633000 218.587000 47
167 218.775000 218.605000 70
168 218.412000 218.578000 75
169 218.629000 218.580000 60
170 218.596000 218.579000 47
171 218.618000 218.577000 39
172 218.626000 218.579000 33
173 218.627000 218.580000 28
174 216.784000 218.353000 84
175 216.499000 218.119000 139
176 218.559000 218.170000 207
177 218.825000 218.236000 288
178 218.487000 218.262000 266
179 218.615000 218.302000 281
180 218.594000 218.335000 277
181 218.662000 218.369000 275
182 218.545000 218.389000 246
183 218.645000 218.417000 240
184 218.561000 218.429000 205
185 218.600000 218.448000 192
186 218.619000 218.466000 179
187 218.902000 218.510000 223
188 218.325000 218.484000 220
189 218.618000 218.497000 191
190 218.637000 218.508000 165
191 218.574000 218.514000 135
192 218.661000 218.525000 125
193 218.686000 218.542000 126
194 214.630000 218.049000 245
195 218.563000 218.110000 305
196 218.602000 218.167000 344
197 218.668000 218.224000 371
198 218.555000 218.262000 355
199 218.588000 218.298000 338
200 218.634000 218.336000 330
[FINAL]:
Server Throughput=4589.488497 Byte/s
AverageUPL=218.493000
    AverageRTT=218.522000
    tcpi_retransmits=0
    tcpi_rto=420000
    tcpi_lost=0
    tcpi_retrans=0
    tcpi_snd_cwnd=10
    tcpi_snd_ssthresh=2147483647
    tcpi_total_retrans=0
101 220.071000 219.864000 822
102 219.685000 219.857000 631
103 216.479000 219.428000 718
104 220.169000 219.516000 716
105 223.506000 220.007000 1519
106 218.213000 219.775000 1529
107 222.246000 220.067000 1731
108 219.791000 220.031000 1370
109 261.847000 225.253000 11470
110 281.302000 232.251000 22600
111 281.157000 238.355000 29157
112 281.061000 243.686000 32531
113 281.307000 248.378000 33780
114 281.166000 252.465000 33510
115 281.030000 256.030000 32262
116 281.037000 259.154000 30445
117 281.542000 261.947000 28420
118 281.022000 264.317000 26055
119 280.761000 266.366000 23638
120 281.068000 268.201000 21399
121 281.241000 269.822000 19292
122 281.098000 271.225000 17274
123 231.124000 266.205000 17989
124 216.823000 260.031000 18971
125 220.623000 255.092000 19612
126 221.832000 250.931000 20040
127 221.906000 247.295000 20322
128 221.077000 244.008000 20509
129 220.788000 241.102000 20594
130 222.487000 238.767000 20116
131 220.193000 236.441000 19740
132 217.180000 234.024000 19637
133 219.883000 232.254000 18269
134 234.142000 232.484000 14163
135 218.707000 230.755000 14081
136 217.840000 229.132000 13806
137 218.546000 227.801000 13017
138 220.519000 226.886000 11592
139 220.008000 226.018000 10431
140 219.164000 225.154000 9550
141 219.709000 224.466000 8539
142 220.763000 223.996000 7344
143 221.076000 223.631000 6238
144 217.488000 222.854000 6233
145 216.991000 222.114000 6154
146 219.937000 221.835000 5173
147 220.381000 221.645000 4259
148 220.046000 221.444000 3597
149 218.263000 221.037000 3512
150 218.384000 220.689000 3330
151 220.154000 220.620000 2635
152 218.860000 220.394000 2428
153 220.643000 220.420000 1873
154 220.278000 220.395000 1453
155 223.119000 220.726000 1752
156 218.985000 220.503000 1753
157 219.505000 220.367000 1585
158 222.991000 220.690000 1835
159 219.002000 220.474000 1808
160 222.427000 220.710000 1829
161 219.580000 220.561000 1669
162 220.231000 220.512000 1350
163 220.276000 220.476000 1084
164 219.362000 220.330000 1087
165 219.536000 220.224000 1026
166 218.545000 220.008000 1048
167 221.418000 220.181000 1132
168 219.769000 220.122000 968
169 218.309000 219.887000 996
170 219.659000 219.852000 817
171 220.634000 219.944000 797
172 220.744000 220.037000 785
173 220.404000 220.076000 667
174 219.468000 219.994000 665
175 219.473000 219.922000 643
176 219.433000 219.856000 614
177 218.287000 219.655000 645
178 222.275000 219.973000 1120
179 216.523000 219.535000 1194
180 219.275000 219.495000 977
181 221.051000 219.681000 1106
182 221.865000 219.950000 1366
183 218.536000 219.769000 1368
184 222.287000 220.076000 1641
185 221.704000 220.271000 1621
186 217.976000 219.983000 1642
187 220.746000 220.070000 1406
188 218.492000 219.866000 1413
189 218.787000 219.724000 1343
190 222.050000 220.003000 1567
191 218.830000 219.853000 1476
192 221.239000 220.022000 1444
193 222.226000 220.285000 1609
194 220.071000 220.252000 1272
195 220.192000 220.239000 980
196 219.217000 220.106000 982
197 223.151000 220.479000 1483
198 218.041000 220.169000 1514
199 221.595000 220.339000 1476
200 220.287000 220.327000 1131
[FINAL]:
Server Throughput=4496.724058 Byte/s
AverageUPL=228.601000
    AverageRTT=228.514000
    tcpi_retransmits=0
    tcpi_rto=424000
    tcpi_lost=0
    tcpi_retrans=0
    tcpi_snd_cwnd=10
    tcpi_snd_ssthresh=2147483647
    tcpi_total_retrans=0
