101 315.194000 207.870000 327
102 314.370000 207.813000 331
103 314.137000 207.832000 287
104 314.534000 207.838000 227
105 314.090000 207.782000 234
106 314.550000 207.733000 239
107 314.927000 207.744000 202
108 314.940000 207.819000 301
109 314.254000 207.873000 334
110 313.953000 207.752000 354
111 314.617000 207.731000 307
112 315.117000 207.760000 286
113 314.548000 207.678000 298
114 314.622000 207.719000 304
115 314.354000 207.664000 308
116 314.956000 207.677000 257
117 314.622000 207.629000 261
118 314.276000 207.669000 275
119 313.924000 207.613000 280
120 314.712000 207.547000 288
121 313.795000 207.512000 285
122 314.027000 207.469000 286
123 316.041000 207.543000 362
124 315.224000 207.679000 544
125 314.186000 207.573000 553
126 315.192000 207.731000 730
127 314.165000 207.623000 734
128 315.027000 207.702000 710
129 313.174000 207.574000 720
130 314.809000 207.636000 665
131 314.770000 207.700000 627
132 315.401000 207.718000 506
133 315.376000 207.709000 398
134 314.876000 207.673000 370
135 314.981000 207.655000 313
136 314.813000 207.588000 319
137 314.858000 207.585000 247
138 314.735000 207.668000 353
139 313.410000 207.643000 315
140 314.871000 207.647000 243
141 315.026000 207.648000 186
142 315.084000 207.675000 192
143 314.503000 207.606000 203
144 315.125000 207.624000 188
145 313.834000 207.673000 239
146 314.531000 207.568000 257
147 314.274000 207.513000 263
148 315.447000 207.576000 322
149 314.369000 207.478000 337
150 315.376000 207.505000 307
151 314.536000 207.457000 309
152 314.928000 207.427000 292
153 314.395000 207.463000 289
154 315.351000 207.443000 256
155 746.758000 210.501000 6307
156 811.951000 219.272000 22274
157 827.687000 226.945000 32051
158 810.002000 233.659000 37465
159 663.638000 231.758000 31900
160 591.678000 230.306000 26830
161 555.286000 228.412000 23909
162 517.897000 226.615000 21527
163 502.273000 224.838000 19699
164 486.540000 223.208000 18034
165 682.542000 221.632000 16677
166 472.384000 220.054000 15664
167 467.641000 218.921000 14014
168 460.671000 217.737000 12878
169 455.185000 216.687000 11759
170 449.864000 215.824000 10546
171 447.185000 215.007000 9543
172 443.267000 214.377000 8418
173 442.169000 213.759000 7549
174 439.212000 213.080000 7019
175 440.504000 212.399000 6627
176 438.808000 211.830000 6108
177 437.480000 211.367000 5508
178 436.155000 210.801000 5263
179 437.434000 210.461000 4627
180 433.716000 210.141000 4110
181 435.377000 210.075000 3214
182 435.299000 210.001000 2558
183 434.324000 209.772000 2376
184 435.095000 209.851000 1940
185 429.921000 209.443000 1981
186 431.388000 209.067000 2013
187 430.358000 208.891000 1861
188 433.418000 209.024000 1662
189 430.154000 208.731000 1683
190 431.776000 208.645000 1435
191 429.437000 208.470000 1426
192 429.888000 208.390000 1229
193 433.145000 208.559000 1259
194 433.499000 208.497000 1067
195 432.838000 208.620000 1046
196 434.095000 208.887000 1319
197 429.915000 208.591000 1352
198 432.713000 208.700000 1232
199 432.554000 208.586000 1153
200 431.382000 208.460000 1116
[FINAL]:
Client Throughput=2.780391 Byte/s
AverageUPL=395.357000
    AverageRTT=210.818000
    tcpi_retransmits=0
    tcpi_rto=412000
    tcpi_lost=0
    tcpi_retrans=0
    tcpi_snd_cwnd=18
    tcpi_snd_ssthresh=2147483647
    tcpi_total_retrans=0
101 314.174000 208.144000 285
102 314.838000 208.074000 294
103 815.316000 215.643000 15357
104 812.066000 223.809000 27850
105 812.051000 230.944000 35159
106 827.831000 237.163000 38806
107 827.361000 242.596000 39970
108 1077.674000 247.402000 39590
109 827.608000 251.599000 38087
110 706.907000 248.827000 34109
111 612.287000 245.011000 33214
112 564.907000 241.644000 31646
113 524.749000 238.096000 30830
114 504.777000 234.980000 29353
115 489.463000 232.054000 27867
116 476.950000 229.354000 26301
117 465.725000 226.897000 24640
118 457.630000 224.587000 23100
119 451.852000 222.572000 21355
120 447.745000 220.939000 19282
121 444.537000 219.397000 17546
122 445.530000 217.971000 16010
123 445.228000 216.876000 14198
124 441.109000 215.858000 12684
125 438.277000 214.840000 11550
126 436.365000 213.844000 10654
127 435.244000 213.165000 9348
128 436.584000 212.388000 8566
129 436.056000 212.005000 7191
130 434.539000 211.666000 6070
131 434.796000 211.101000 5683
132 433.191000 210.591000 5283
133 434.163000 210.337000 4469
134 432.630000 209.946000 4134
135 433.964000 209.902000 3189
136 431.438000 209.530000 3136
137 433.338000 209.569000 2429
138 430.776000 209.346000 2267
139 429.226000 208.976000 2288
140 431.771000 208.868000 1932
141 430.712000 208.749000 1687
142 432.629000 208.810000 1387
143 430.356000 208.950000 1321
144 430.295000 208.928000 1035
145 431.968000 208.929000 778
146 430.940000 208.974000 675
147 429.654000 208.727000 715
148 432.501000 208.768000 620
149 428.983000 208.514000 664
150 432.541000 208.584000 637
151 429.978000 208.575000 495
152 430.879000 208.528000 465
153 432.048000 208.599000 491
154 430.741000 208.676000 521
155 430.707000 208.577000 529
156 431.730000 208.499000 532
157 430.726000 208.580000 562
158 430.794000 208.627000 515
159 430.266000 208.674000 479
160 428.184000 208.732000 476
161 428.106000 208.640000 484
162 428.451000 208.635000 372
163 428.143000 208.851000 712
164 427.634000 208.811000 615
165 426.561000 208.714000 620
166 425.534000 208.473000 660
167 426.548000 208.495000 539
168 425.917000 208.447000 501
169 427.593000 208.425000 419
170 424.987000 208.368000 420
171 423.678000 208.158000 459
172 426.112000 208.125000 412
173 424.689000 208.050000 417
174 424.811000 207.898000 442
175 426.838000 207.893000 342
176 425.936000 207.892000 258
177 425.204000 207.755000 284
178 425.741000 207.728000 266
179 426.694000 207.996000 736
180 424.836000 207.781000 767
181 425.685000 207.716000 704
182 424.544000 207.695000 570
183 424.818000 207.653000 512
184 425.815000 207.687000 453
185 423.181000 207.605000 459
186 424.897000 207.571000 412
187 425.883000 207.612000 391
188 425.570000 207.737000 542
189 427.708000 207.998000 930
190 427.080000 207.929000 837
191 580.842000 207.786000 846
192 827.553000 216.890000 18843
193 828.091000 224.953000 30259
194 451.090000 225.382000 23551
195 444.190000 224.899000 18628
196 441.046000 224.062000 15644
197 444.413000 223.313000 13232
198 444.903000 222.694000 11161
199 444.706000 222.132000 9495
200 444.929000 221.622000 8141
[FINAL]:
Client Throughput=2.500767 Byte/s
AverageUPL=477.982000
    AverageRTT=215.065000
    tcpi_retransmits=0
    tcpi_rto=424000
    tcpi_lost=0
    tcpi_retrans=0
    tcpi_snd_cwnd=18
    tcpi_snd_ssthresh=2147483647
    tcpi_total_retrans=0
101 315.120000 209.739000 2694
102 314.078000 209.521000 2457
103 314.948000 209.369000 2146
104 315.256000 209.281000 1785
105 313.983000 209.113000 1674
106 314.228000 208.903000 1674
107 315.513000 208.773000 1516
108 314.810000 208.638000 1406
109 315.192000 208.498000 1336
110 315.572000 208.480000 1037
111 315.622000 208.479000 780
112 314.950000 208.446000 651
113 314.516000 208.236000 683
114 315.151000 208.163000 658
115 313.424000 207.997000 679
116 315.433000 207.994000 516
117 314.649000 208.033000 465
118 313.960000 207.897000 484
119 314.764000 207.938000 445
120 313.355000 207.861000 451
121 314.580000 207.724000 471
122 314.164000 207.670000 462
123 313.915000 207.666000 355
124 316.176000 207.745000 425
125 314.662000 207.751000 332
126 314.912000 207.724000 303
127 314.856000 207.667000 308
128 314.710000 207.707000 310
129 314.973000 207.773000 365
130 315.104000 207.729000 363
131 314.237000 207.611000 381
132 315.587000 207.656000 376
133 314.481000 207.735000 440
134 315.687000 207.770000 400
135 314.679000 207.865000 491
136 314.886000 207.826000 447
137 314.942000 207.762000 449
138 314.806000 207.792000 396
139 313.418000 207.757000 366
140 315.580000 207.849000 458
141 314.047000 207.873000 391
142 314.517000 207.838000 364
143 314.873000 207.858000 313
144 315.984000 207.900000 319
145 316.042000 207.935000 310
146 314.640000 207.836000 326
147 314.650000 207.964000 501
148 315.708000 207.976000 399
149 314.837000 207.875000 411
150 314.513000 207.912000 382
151 313.861000 207.861000 383
152 314.552000 207.794000 388
153 314.267000 207.698000 399
154 314.710000 207.712000 327
155 314.787000 207.716000 254
156 314.123000 207.763000 283
157 315.109000 207.719000 285
158 315.065000 207.711000 229
159 313.621000 207.665000 233
160 313.937000 207.550000 254
161 314.329000 207.476000 265
162 313.968000 207.501000 248
163 314.632000 207.576000 336
164 313.634000 207.546000 312
165 314.640000 207.504000 312
166 315.488000 207.609000 444
167 315.336000 207.682000 479
168 313.572000 207.632000 459
169 314.418000 207.583000 442
170 314.507000 207.627000 418
171 314.082000 207.539000 427
172 314.934000 207.568000 379
173 314.441000 207.654000 455
174 314.615000 207.737000 508
175 314.586000 207.805000 516
176 314.505000 207.763000 471
177 313.761000 207.830000 487
178 313.798000 207.788000 448
179 314.216000 207.701000 456
180 314.377000 207.649000 447
181 314.938000 207.658000 355
182 313.957000 207.662000 274
183 314.343000 207.704000 288
184 314.611000 207.656000 291
185 313.899000 207.558000 306
186 314.359000 207.549000 248
187 312.673000 207.520000 243
188 314.634000 207.446000 254
189 315.306000 207.512000 321
190 314.678000 207.514000 245
191 315.091000 207.571000 297
192 315.164000 207.616000 314
193 314.814000 207.616000 235
194 314.851000 207.640000 225
195 314.680000 207.736000 362
196 313.634000 207.774000 347
197 314.046000 207.780000 272
198 314.787000 207.763000 237
199 314.363000 207.805000 262
200 315.029000 207.749000 268
[FINAL]:
Client Throughput=3.080126 Byte/s
AverageUPL=314.624000
    AverageRTT=207.878000
    tcpi_retransmits=0
    tcpi_rto=408000
    tcpi_lost=0
    tcpi_retrans=0
    tcpi_snd_cwnd=18
    tcpi_snd_ssthresh=2147483647
    tcpi_total_retrans=0
101 827.851000 256.575000 31958
102 827.891000 259.625000 30068
103 827.633000 262.471000 28243
104 827.775000 264.756000 25752
105 771.380000 266.742000 23287
106 670.866000 260.563000 24104
107 597.435000 255.328000 24660
108 554.796000 250.766000 25030
109 529.480000 246.540000 25304
110 515.534000 243.072000 25380
111 500.043000 240.079000 25020
112 490.639000 237.202000 24519
113 486.228000 235.128000 22538
114 481.998000 232.787000 21586
115 476.030000 231.052000 19658
116 472.480000 229.441000 17967
117 467.848000 228.009000 16339
118 470.451000 227.019000 14234
119 468.083000 225.920000 12873
120 468.673000 224.993000 11510
121 464.316000 224.249000 10120
122 454.289000 222.309000 10288
123 453.560000 221.104000 10126
124 452.310000 220.039000 9724
125 445.750000 218.914000 9543
126 447.079000 218.107000 8772
127 445.501000 217.354000 8086
128 443.351000 216.415000 7940
129 443.544000 215.572000 7642
130 443.389000 214.910000 7055
131 439.800000 214.025000 7056
132 439.442000 213.133000 7058
133 439.896000 212.549000 6460
134 438.811000 212.118000 5708
135 439.476000 211.672000 5174
136 435.949000 211.171000 4881
137 435.716000 210.716000 4571
138 437.275000 210.240000 4380
139 438.274000 209.947000 3872
140 433.783000 209.858000 3082
141 435.277000 209.697000 2634
142 433.926000 209.488000 2393
143 436.193000 209.399000 1971
144 433.337000 209.154000 1970
145 433.198000 208.934000 1917
146 433.791000 208.715000 1876
147 433.218000 208.773000 1522
148 430.132000 208.438000 1558
149 435.991000 208.702000 1697
150 433.811000 208.714000 1296
151 432.910000 208.614000 1172
152 430.240000 208.365000 1198
153 433.591000 208.315000 1000
154 434.102000 208.374000 869
155 431.857000 208.346000 709
156 432.689000 208.448000 736
157 432.058000 208.445000 557
158 430.437000 208.329000 569
159 430.389000 208.103000 607
160 431.647000 208.176000 601
161 430.959000 208.033000 617
162 432.480000 208.116000 629
163 429.845000 207.956000 649
164 430.529000 207.831000 660
165 430.458000 207.598000 697
166 431.062000 207.526000 668
167 431.810000 207.643000 736
168 431.984000 207.733000 731
169 430.023000 207.608000 739
170 433.200000 207.855000 1048
171 431.863000 207.781000 934
172 432.433000 207.880000 899
173 431.550000 208.051000 1015
174 430.556000 207.922000 1016
175 432.296000 207.923000 765
176 430.751000 207.873000 674
177 431.424000 207.831000 589
178 431.593000 207.623000 623
179 433.342000 207.752000 725
180 431.919000 207.756000 553
181 434.178000 207.990000 882
182 433.441000 208.019000 720
183 433.233000 208.009000 560
184 431.374000 207.986000 466
185 432.969000 208.025000 426
186 431.913000 207.915000 440
187 432.866000 207.955000 410
188 434.135000 208.140000 677
189 431.002000 208.171000 571
190 430.855000 208.066000 579
191 628.074000 207.963000 587
192 431.786000 208.155000 823
193 430.565000 208.237000 782
194 431.513000 208.205000 652
195 433.785000 208.491000 1060
196 433.158000 208.440000 896
197 432.015000 208.291000 905
198 432.579000 208.341000 779
199 433.721000 208.414000 730
200 431.931000 208.333000 709
[FINAL]:
Client Throughput=2.059773 Byte/s
AverageUPL=467.385000
    AverageRTT=216.754000
    tcpi_retransmits=0
    tcpi_rto=412000
    tcpi_lost=0
    tcpi_retrans=0
    tcpi_snd_cwnd=18
    tcpi_snd_ssthresh=2147483647
    tcpi_total_retrans=0
101 424.341000 207.402000 426
102 425.762000 207.423000 361
103 427.540000 207.669000 764
104 427.642000 207.722000 678
105 426.171000 207.839000 743
106 426.918000 208.099000 1078
107 425.882000 207.906000 1093
108 425.899000 207.862000 908
109 426.327000 207.863000 683
110 426.493000 207.959000 704
111 426.929000 208.045000 699
112 424.878000 208.150000 735
113 425.917000 208.085000 681
114 426.052000 208.029000 623
115 424.746000 208.020000 484
116 424.692000 207.865000 508
117 426.683000 207.881000 412
118 428.509000 208.018000 583
119 427.150000 208.015000 443
120 426.858000 208.012000 337
121 423.515000 207.748000 393
122 422.205000 207.702000 388
123 424.533000 207.692000 310
124 425.253000 207.684000 250
125 422.538000 207.578000 268
126 423.563000 207.459000 289
127 425.001000 207.476000 250
128 424.202000 207.478000 192
129 424.300000 207.532000 252
130 423.367000 207.562000 249
131 424.462000 207.562000 188
132 425.220000 207.874000 763
133 422.279000 207.810000 701
134 424.309000 207.915000 735
135 424.005000 207.874000 633
136 422.249000 207.861000 501
137 424.116000 208.114000 881
138 422.810000 208.191000 815
139 421.791000 208.305000 840
140 422.480000 208.345000 711
141 423.215000 208.168000 733
142 423.098000 208.244000 702
143 422.155000 208.071000 723
144 423.431000 208.205000 810
145 422.078000 208.142000 735
146 422.391000 208.164000 595
147 423.524000 208.189000 496
148 530.278000 208.163000 424
149 828.451000 217.243000 18479
150 826.925000 225.092000 29557
151 452.755000 225.732000 23448
152 437.219000 224.808000 19435
153 635.223000 223.659000 16874
154 431.682000 222.449000 15075
155 439.095000 221.601000 13002
156 439.466000 220.865000 11223
157 435.147000 220.069000 10010
158 435.998000 219.187000 9271
159 431.866000 218.137000 9054
160 430.136000 216.992000 9057
161 428.987000 215.952000 8872
162 428.593000 215.003000 8552
163 427.925000 214.135000 8151
164 426.135000 213.251000 7880
165 424.759000 212.545000 7323
166 428.408000 212.113000 6355
167 426.639000 211.715000 5564
168 426.796000 211.301000 5000
169 426.868000 211.149000 4055
170 425.154000 210.758000 3823
171 424.936000 210.483000 3417
172 423.677000 210.118000 3291
173 425.295000 209.952000 2802
174 425.392000 209.810000 2384
175 424.207000 209.549000 2310
176 424.248000 209.254000 2312
177 425.256000 209.150000 1941
178 425.020000 209.014000 1728
179 421.744000 208.870000 1584
180 422.886000 208.579000 1607
181 424.609000 208.501000 1362
182 424.968000 208.520000 1059
183 425.036000 208.668000 1091
184 423.564000 208.729000 939
185 423.597000 208.719000 724
186 423.216000 208.699000 584
187 422.861000 208.733000 507
188 420.822000 208.646000 513
189 423.756000 208.741000 573
190 422.519000 208.663000 575
191 423.163000 208.595000 567
192 421.363000 208.478000 579
193 420.932000 208.420000 549
194 421.606000 208.217000 582
195 421.451000 208.160000 551
196 422.502000 208.191000 475
197 423.637000 208.247000 468
198 421.554000 208.330000 516
199 421.649000 208.295000 456
200 424.035000 208.672000 1097
[FINAL]:
Client Throughput=2.085635 Byte/s
AverageUPL=436.814000
    AverageRTT=210.277000
    tcpi_retransmits=0
    tcpi_rto=412000
    tcpi_lost=0
    tcpi_retrans=0
    tcpi_snd_cwnd=18
    tcpi_snd_ssthresh=2147483647
    tcpi_total_retrans=0
101 426.050000 210.050000 638
102 423.248000 209.878000 661
103 425.826000 209.827000 597
104 425.313000 209.666000 619
105 425.594000 209.647000 501
106 424.481000 209.773000 628
107 423.464000 209.788000 502
108 420.866000 209.561000 543
109 422.553000 209.437000 557
110 427.149000 209.669000 881
111 426.057000 209.763000 850
112 425.966000 209.950000 1011
113 427.300000 210.252000 1361
114 561.057000 217.054000 14627
115 624.724000 225.051000 26962
116 640.232000 232.024000 34169
117 609.198000 238.137000 37853
118 593.147000 243.441000 38997
119 459.332000 242.012000 32106
120 446.079000 239.046000 30011
121 443.473000 236.912000 26777
122 443.287000 234.582000 24741
123 438.654000 232.381000 22959
124 457.690000 230.838000 20306
125 458.930000 229.744000 17417
126 445.203000 227.660000 17229
127 433.762000 225.586000 17071
128 432.449000 223.759000 16457
129 434.086000 222.083000 15696
130 434.003000 220.880000 14177
131 432.847000 219.818000 12757
132 433.878000 218.998000 11207
133 432.216000 218.179000 10043
134 429.506000 217.228000 9434
135 429.003000 216.570000 8393
136 430.249000 215.794000 7847
137 432.980000 215.335000 6802
138 430.227000 214.839000 6094
139 432.718000 214.556000 5135
140 432.007000 214.212000 4541
141 429.104000 213.804000 4221
142 429.502000 213.238000 4231
143 432.875000 213.121000 3406
144 428.661000 212.978000 2841
145 428.364000 212.650000 2787
146 433.652000 212.558000 2274
147 429.069000 212.543000 1737
148 425.490000 212.077000 1799
149 423.179000 211.780000 1817
150 423.429000 211.542000 1820
151 423.738000 211.521000 1406
152 421.309000 211.466000 1164
153 433.499000 211.388000 1030
154 436.833000 211.105000 1068
155 430.070000 211.000000 1012
156 428.510000 210.854000 1017
157 428.417000 210.901000 856
158 428.786000 210.946000 733
159 429.422000 211.110000 876
160 424.848000 210.964000 885
161 424.404000 210.780000 903
162 422.923000 210.752000 733
163 420.790000 210.608000 746
164 441.943000 210.774000 891
165 436.493000 210.914000 948
166 431.903000 210.838000 863
167 430.508000 210.760000 804
168 430.042000 210.784000 652
169 429.359000 210.780000 497
170 426.755000 210.609000 524
171 428.403000 210.331000 577
172 427.770000 210.370000 509
173 428.076000 210.488000 620
174 426.956000 210.399000 622
175 425.906000 210.231000 645
176 426.433000 210.102000 657
177 428.952000 210.112000 512
178 429.601000 210.175000 510
179 427.920000 210.210000 451
180 425.166000 210.028000 483
181 430.787000 210.007000 404
182 429.066000 210.045000 379
183 428.535000 210.184000 562
184 424.667000 210.249000 551
185 424.534000 210.261000 439
186 424.278000 210.106000 464
187 425.760000 210.146000 427
188 421.906000 209.860000 485
189 423.665000 209.699000 510
190 422.774000 209.752000 488
191 422.929000 209.785000 432
192 422.355000 209.694000 442
193 428.075000 209.593000 453
194 429.402000 209.599000 352
195 427.642000 209.556000 349
196 427.057000 209.579000 308
197 426.618000 209.614000 300
198 423.877000 209.543000 308
199 425.567000 209.739000 624
200 420.905000 209.558000 649
[FINAL]:
Client Throughput=2.285880 Byte/s
AverageUPL=438.442000
    AverageRTT=214.581000
    tcpi_retransmits=0
    tcpi_rto=412000
    tcpi_lost=0
    tcpi_retrans=0
    tcpi_snd_cwnd=10
    tcpi_snd_ssthresh=2147483647
    tcpi_total_retrans=0
101 429.618000 211.909000 1663
102 425.110000 211.727000 1613
103 425.431000 211.815000 1387
104 423.694000 211.689000 1294
105 423.323000 211.638000 1073
106 435.798000 211.716000 961
107 434.009000 211.787000 862
108 432.871000 211.681000 857
109 430.882000 211.566000 859
110 427.732000 211.383000 878
111 424.234000 211.043000 936
112 428.654000 211.002000 783
113 426.202000 211.023000 628
114 427.025000 211.214000 852
115 425.232000 211.250000 712
116 426.599000 211.338000 710
117 422.967000 211.305000 597
118 431.870000 211.185000 608
119 433.535000 211.192000 471
120 435.349000 211.077000 485
121 429.871000 211.170000 549
122 431.488000 211.052000 561
123 426.026000 211.166000 649
124 427.707000 211.233000 622
125 424.260000 211.233000 467
126 425.450000 211.143000 474
127 423.657000 210.975000 501
128 425.156000 210.907000 503
129 422.920000 210.856000 479
130 436.358000 210.788000 480
131 433.428000 210.851000 486
132 429.337000 210.728000 502
133 430.084000 210.743000 408
134 428.850000 210.890000 598
135 424.067000 210.611000 649
136 427.776000 210.593000 523
137 421.378000 210.345000 568
138 425.810000 210.320000 475
139 422.264000 210.198000 491
140 422.525000 210.009000 522
141 422.289000 210.217000 807
142 430.247000 210.265000 701
143 449.539000 210.152000 707
144 430.988000 210.233000 694
145 427.058000 210.342000 737
146 425.838000 210.211000 747
147 428.398000 210.316000 770
148 425.047000 210.513000 971
149 423.988000 210.501000 753
150 421.776000 210.412000 742
151 421.899000 210.287000 750
152 422.534000 210.298000 584
153 420.105000 210.238000 558
154 436.958000 210.218000 459
155 428.530000 210.113000 470
156 425.655000 209.902000 508
157 430.222000 209.713000 540
158 423.426000 209.560000 561
159 423.424000 209.580000 460
160 423.162000 209.654000 494
161 420.063000 209.598000 482
162 420.383000 209.593000 371
163 421.228000 209.388000 411
164 422.133000 209.402000 336
165 418.813000 209.378000 302
166 428.946000 209.504000 479
167 428.213000 209.381000 495
168 427.472000 209.402000 413
169 423.830000 209.193000 453
170 425.895000 209.314000 583
171 423.581000 209.182000 598
172 424.207000 209.239000 562
173 421.575000 209.218000 464
174 429.212000 209.530000 970
175 429.512000 209.820000 1309
176 535.526000 213.503000 8347
177 562.107000 221.919000 23092
178 642.395000 229.279000 32040
179 638.340000 235.451000 36374
180 639.930000 241.081000 38540
181 609.195000 246.065000 38873
182 593.195000 250.392000 37808
183 577.773000 254.279000 36131
184 577.795000 257.606000 33752
185 562.076000 260.500000 31103
186 562.118000 263.052000 28431
187 640.271000 265.270000 25758
188 671.583000 267.239000 23258
189 624.787000 268.962000 20888
190 593.419000 270.532000 18807
191 467.865000 266.577000 19208
192 449.129000 260.989000 20005
193 439.611000 255.762000 20686
194 440.264000 250.975000 21236
195 441.576000 247.103000 21540
196 437.645000 243.630000 21735
197 453.331000 240.432000 21855
198 454.599000 237.540000 21895
199 445.276000 234.785000 21900
200 430.088000 231.808000 21960
[FINAL]:
Client Throughput=2.189266 Byte/s
AverageUPL=455.045000
    AverageRTT=220.029000
    tcpi_retransmits=0
    tcpi_rto=432000
    tcpi_lost=0
    tcpi_retrans=0
    tcpi_snd_cwnd=10
    tcpi_snd_ssthresh=2147483647
    tcpi_total_retrans=0
101 426.047000 210.619000 647
102 427.612000 210.516000 652
103 427.401000 210.464000 594
104 424.869000 210.401000 572
105 427.933000 210.332000 565
106 425.920000 210.333000 425
107 421.330000 210.106000 468
108 423.266000 209.982000 485
109 422.954000 209.857000 501
110 426.308000 209.973000 607
111 424.505000 209.966000 469
112 423.486000 209.766000 504
113 428.312000 210.024000 893
114 428.805000 210.366000 1354
115 422.088000 210.366000 1017
116 438.433000 210.246000 1004
117 431.747000 210.333000 927
118 429.458000 210.399000 829
119 427.435000 210.443000 709
120 427.632000 210.398000 621
121 425.498000 210.308000 624
122 422.257000 210.071000 663
123 424.946000 210.087000 530
124 424.613000 210.072000 426
125 422.225000 210.034000 397
126 421.214000 210.084000 399
127 431.046000 210.224000 579
128 439.016000 210.292000 570
129 429.978000 210.083000 605
130 428.402000 209.996000 607
131 430.502000 210.076000 617
132 429.656000 210.119000 549
133 429.113000 210.260000 692
134 428.370000 210.319000 637
135 428.886000 210.401000 644
136 425.106000 210.388000 510
137 427.451000 210.327000 503
138 430.974000 210.348000 418
139 429.113000 210.509000 637
140 428.145000 210.423000 638
141 426.925000 210.380000 566
142 425.902000 210.263000 577
143 436.519000 210.523000 953
144 429.796000 210.589000 847
145 433.757000 210.914000 1286
146 435.180000 211.238000 1613
147 435.802000 211.548000 1828
148 430.223000 211.626000 1527
149 430.241000 211.699000 1292
150 430.882000 211.813000 1197
151 429.301000 211.882000 1036
152 424.941000 211.766000 1011
153 425.552000 211.603000 1020
154 426.342000 211.571000 828
155 424.193000 211.515000 733
156 434.782000 211.371000 746
157 431.547000 211.360000 581
158 431.485000 211.284000 582
159 425.759000 211.114000 606
160 427.334000 210.979000 621
161 423.263000 210.748000 659
162 422.746000 210.363000 735
163 421.344000 210.279000 720
164 421.743000 210.162000 726
165 422.380000 210.225000 670
166 418.482000 210.118000 676
167 428.672000 209.914000 706
168 431.311000 210.006000 712
169 428.997000 209.919000 708
170 428.765000 209.883000 603
171 425.707000 209.692000 632
172 428.853000 209.803000 697
173 428.405000 209.938000 791
174 426.561000 210.069000 856
175 425.419000 209.931000 863
176 424.173000 209.789000 872
177 424.788000 209.717000 797
178 426.039000 209.626000 781
179 426.689000 209.740000 814
180 425.974000 209.828000 786
181 424.199000 209.624000 812
182 426.276000 209.748000 858
183 422.286000 209.477000 898
184 425.610000 209.458000 713
185 426.288000 209.463000 544
186 425.421000 209.456000 423
187 486.370000 209.601000 607
188 593.155000 218.578000 18410
189 593.635000 226.352000 29355
190 577.373000 233.123000 35559
191 577.734000 239.100000 38623
192 577.714000 244.328000 39423
193 562.160000 248.903000 38717
194 640.411000 252.904000 37040
195 640.189000 256.381000 34735
196 609.045000 259.417000 32123
197 593.219000 262.122000 29503
198 577.757000 264.451000 26783
199 577.596000 266.469000 24125
200 546.492000 266.302000 18428
[FINAL]:
Client Throughput=2.271975 Byte/s
AverageUPL=449.017000
    AverageRTT=215.393000
    tcpi_retransmits=0
    tcpi_rto=468000
    tcpi_lost=0
    tcpi_retrans=0
    tcpi_snd_cwnd=10
    tcpi_snd_ssthresh=2147483647
    tcpi_total_retrans=0
101 428.236000 216.439000 9690
102 422.232000 215.602000 8941
103 422.160000 214.939000 8032
104 430.768000 214.339000 7224
105 431.426000 213.761000 6574
106 429.535000 213.448000 5557
107 428.206000 213.002000 5059
108 428.503000 212.740000 4317
109 427.421000 212.589000 3541
110 424.285000 212.195000 3443
111 423.623000 211.858000 3257
112 423.825000 211.773000 2612
113 423.661000 211.663000 2179
114 422.825000 211.345000 2190
115 419.811000 211.156000 2022
116 438.938000 210.913000 2001
117 430.811000 210.996000 1666
118 434.272000 211.311000 1880
119 427.344000 211.133000 1767
120 428.525000 210.965000 1662
121 426.165000 210.901000 1373
122 425.961000 210.881000 1071
123 424.304000 210.733000 1075
124 423.438000 210.694000 884
125 427.066000 210.806000 886
126 428.516000 210.945000 943
127 421.805000 210.930000 739
128 437.805000 211.264000 1222
129 437.582000 211.531000 1451
130 440.157000 211.360000 1431
131 430.496000 211.358000 1077
132 430.679000 211.568000 1227
133 428.463000 211.546000 965
134 427.842000 211.518000 779
135 424.530000 211.379000 789
136 425.063000 211.186000 812
137 422.516000 211.006000 832
138 425.209000 210.975000 687
139 421.449000 210.939000 587
140 432.080000 210.849000 591
141 434.763000 210.601000 634
142 430.817000 210.701000 675
143 433.679000 210.894000 893
144 427.539000 210.772000 896
145 426.745000 210.864000 856
146 425.897000 210.866000 646
147 425.060000 210.854000 509
148 423.610000 210.540000 571
149 423.369000 210.577000 504
150 424.356000 210.491000 509
151 420.693000 210.382000 521
152 431.532000 210.358000 438
153 437.641000 210.471000 553
154 431.765000 210.595000 662
155 427.394000 210.324000 709
156 429.292000 210.388000 659
157 427.703000 210.337000 596
158 424.805000 210.470000 713
159 423.703000 210.385000 706
160 422.492000 210.125000 749
161 421.722000 209.971000 764
162 424.870000 210.191000 1014
163 418.831000 209.923000 1049
164 430.266000 209.953000 846
165 431.618000 210.103000 934
166 426.011000 209.870000 963
167 425.664000 209.815000 834
168 422.564000 209.623000 855
169 424.951000 209.654000 702
170 424.864000 209.680000 580
171 420.480000 209.522000 601
172 422.457000 209.494000 506
173 420.860000 209.509000 409
174 421.295000 209.467000 390
175 419.901000 209.353000 406
176 429.476000 209.346000 321
177 436.571000 209.599000 748
178 428.912000 209.686000 735
179 424.475000 209.587000 736
180 425.696000 209.668000 716
181 424.739000 209.706000 612
182 424.372000 209.587000 622
183 423.518000 209.661000 615
184 420.055000 209.604000 575
185 419.952000 209.509000 581
186 421.197000 209.430000 583
187 420.863000 209.573000 722
188 429.811000 209.622000 640
189 432.470000 209.718000 672
190 428.259000 209.642000 656
191 431.100000 209.859000 927
192 435.053000 210.224000 1424
193 435.102000 210.647000 1915
194 431.765000 210.876000 1893
195 462.520000 210.996000 1661
196 577.550000 219.735000 18722
197 577.979000 227.401000 29375
198 562.158000 234.097000 35423
199 609.025000 239.939000 38252
200 624.634000 243.094000 34999
[FINAL]:
Client Throughput=2.255546 Byte/s
AverageUPL=435.539000
    AverageRTT=211.924000
    tcpi_retransmits=0
    tcpi_rto=444000
    tcpi_lost=0
    tcpi_retrans=0
    tcpi_snd_cwnd=10
    tcpi_snd_ssthresh=2147483647
    tcpi_total_retrans=0
101 562.399000 279.533000 3336
102 655.614000 279.657000 2750
103 640.057000 279.889000 2526
104 609.312000 280.043000 2203
105 608.868000 280.176000 1918
106 593.657000 280.280000 1646
107 593.052000 280.302000 1279
108 577.679000 280.399000 1153
109 592.914000 282.346000 4760
110 562.270000 282.162000 3938
111 671.397000 281.956000 3366
112 640.059000 281.788000 2859
113 624.537000 281.665000 2391
114 609.023000 281.522000 2079
115 577.767000 281.407000 1789
116 592.965000 281.292000 1573
117 577.788000 281.237000 1289
118 577.729000 281.168000 1105
119 561.886000 281.099000 968
120 640.378000 281.182000 893
121 640.059000 281.133000 769
122 624.694000 281.099000 644
123 624.643000 281.060000 562
124 593.335000 281.030000 481
125 593.622000 281.004000 414
126 577.489000 280.945000 415
127 577.915000 280.930000 341
128 561.910000 280.895000 325
129 624.484000 278.957000 800
130 654.628000 279.178000 1042
131 624.587000 279.382000 1190
132 608.821000 279.532000 1193
133 593.353000 279.696000 1223
134 593.463000 279.836000 1196
135 577.617000 279.970000 1166
136 562.163000 280.071000 1075
137 561.964000 280.135000 935
138 609.029000 280.264000 959
139 638.129000 280.106000 969
140 640.311000 280.196000 906
141 593.771000 280.303000 895
142 593.062000 280.356000 776
143 577.817000 280.414000 699
144 577.766000 280.468000 633
145 577.820000 280.505000 547
146 562.026000 280.537000 476
147 628.984000 281.124000 1530
148 481.166000 275.156000 2974
149 454.103000 267.767000 4728
150 451.043000 261.409000 6170
151 449.463000 256.034000 7321
152 448.438000 251.328000 8268
153 445.601000 247.151000 9054
154 446.165000 243.930000 9576
155 441.783000 240.710000 10082
156 441.443000 237.743000 10508
157 438.727000 235.446000 10754
158 458.553000 233.441000 10919
159 461.773000 231.625000 11032
160 456.923000 230.197000 11044
161 453.358000 229.118000 10442
162 453.800000 227.940000 10188
163 447.177000 227.011000 9498
164 450.697000 225.766000 9512
165 437.524000 224.892000 8882
166 427.130000 223.136000 9043
167 426.715000 221.755000 9106
168 422.886000 220.447000 9148
169 434.905000 219.288000 9152
170 442.191000 218.222000 8996
171 432.260000 217.112000 8967
172 427.524000 216.355000 8239
173 429.449000 215.664000 7561
174 427.941000 214.946000 7106
175 425.403000 214.338000 6547
176 423.617000 213.995000 5596
177 423.188000 213.480000 5227
178 421.561000 213.150000 4579
179 425.839000 212.913000 3908
180 421.498000 212.488000 3782
181 430.642000 212.199000 3414
182 431.575000 211.930000 3098
183 428.957000 211.593000 2998
184 427.694000 211.387000 2661
185 426.017000 211.287000 2196
186 427.282000 210.996000 2200
187 425.443000 210.931000 1779
188 425.618000 210.931000 1335
189 422.379000 210.840000 1183
190 424.433000 210.928000 1062
191 423.324000 210.779000 1065
192 419.706000 210.616000 1073
193 433.055000 210.670000 912
194 433.458000 210.709000 764
195 428.984000 210.616000 760
196 426.681000 210.449000 778
197 427.416000 210.399000 683
198 421.425000 210.079000 741
199 424.479000 209.979000 743
200 422.937000 209.976000 563
[FINAL]:
Client Throughput=2.013327 Byte/s
AverageUPL=513.241000
    AverageRTT=249.994000
    tcpi_retransmits=0
    tcpi_rto=412000
    tcpi_lost=0
    tcpi_retrans=0
    tcpi_snd_cwnd=10
    tcpi_snd_ssthresh=2147483647
    tcpi_total_retrans=0
