101 315.035000 207.934000 412
102 314.147000 207.889000 375
103 315.012000 208.018000 470
104 314.571000 208.133000 510
105 314.063000 207.960000 292
106 314.915000 208.059000 438
107 315.450000 207.957000 335
108 314.972000 207.851000 346
109 315.173000 207.998000 452
110 313.555000 208.012000 548
111 314.986000 207.917000 349
112 315.188000 207.893000 327
113 315.116000 208.013000 288
114 314.821000 208.129000 328
115 314.283000 208.092000 417
116 315.502000 207.978000 297
117 315.019000 207.917000 203
118 314.860000 207.951000 247
119 313.905000 207.887000 302
120 314.180000 208.222000 631
121 314.938000 208.123000 233
122 314.482000 207.822000 222
123 314.721000 208.049000 476
124 316.942000 208.276000 907
125 313.987000 207.930000 338
126 316.080000 207.908000 621
127 313.964000 207.879000 448
128 315.424000 208.162000 328
129 313.685000 208.044000 722
130 314.849000 208.065000 249
131 314.852000 208.000000 330
132 315.415000 208.031000 284
133 315.834000 208.097000 479
134 315.329000 208.114000 443
135 315.200000 208.176000 163
136 314.625000 207.980000 359
137 315.589000 207.868000 586
138 315.373000 207.972000 299
139 314.134000 208.099000 454
140 314.470000 207.910000 470
141 314.946000 207.900000 266
142 315.598000 207.978000 427
143 314.589000 208.010000 490
144 315.522000 208.000000 437
145 315.232000 208.093000 194
146 313.240000 208.036000 390
147 315.593000 208.145000 447
148 314.573000 208.026000 390
149 314.737000 207.936000 467
150 315.572000 208.158000 457
151 314.718000 208.249000 423
152 315.355000 207.980000 127
153 315.624000 208.062000 600
154 314.467000 208.054000 369
155 315.840000 208.120000 375
156 783.906000 280.656000 1663
157 811.501000 281.283000 133
158 827.816000 281.671000 929
159 779.322000 248.150000 7721
160 663.766000 219.115000 1058
161 589.553000 218.236000 1623
162 555.966000 218.878000 385
163 516.161000 212.184000 1355
164 503.384000 212.292000 1236
165 485.990000 212.202000 1646
166 681.539000 210.245000 1308
167 474.603000 210.240000 329
168 467.843000 210.601000 1135
169 460.715000 210.614000 950
170 455.127000 209.690000 345
171 449.871000 208.898000 785
172 447.499000 209.223000 1015
173 443.474000 208.679000 1198
174 442.534000 209.194000 838
175 438.785000 208.505000 769
176 440.042000 208.624000 516
177 440.206000 209.025000 672
178 436.210000 209.059000 783
179 437.975000 208.867000 871
180 436.763000 208.561000 803
181 434.993000 209.094000 301
182 436.770000 208.878000 1030
183 433.166000 208.077000 573
184 437.050000 208.396000 1212
185 432.815000 208.092000 669
186 429.388000 208.323000 761
187 433.135000 208.194000 892
188 432.113000 208.419000 588
189 430.856000 207.776000 616
190 431.782000 207.961000 642
191 430.335000 207.524000 522
192 431.194000 207.514000 684
193 431.472000 207.629000 742
194 433.360000 207.970000 659
195 433.769000 207.585000 1051
196 433.051000 207.927000 969
197 432.303000 207.597000 639
198 432.233000 207.656000 843
199 431.969000 207.360000 533
200 432.910000 207.726000 821
[FINAL]:
Server Throughput=279738.413812 Byte/s
AverageUPL=394.454000
    AverageRTT=211.254000
    tcpi_retransmits=0
    tcpi_rto=408000
    tcpi_lost=0
    tcpi_retrans=0
    tcpi_snd_cwnd=138
    tcpi_snd_ssthresh=36
    tcpi_total_retrans=0
101 315.569000 208.197000 490
102 314.322000 207.836000 487
103 339.647000 215.421000 11887
104 827.561000 280.946000 752
105 812.147000 281.554000 976
106 812.565000 279.577000 2041
107 827.840000 281.741000 876
108 827.874000 281.756000 1040
109 1077.872000 281.712000 966
110 808.501000 276.653000 2651
111 694.984000 219.588000 2230
112 613.195000 216.649000 1177
113 561.970000 216.904000 1091
114 525.231000 211.105000 517
115 504.803000 211.925000 1290
116 488.987000 209.438000 863
117 477.146000 209.708000 1026
118 465.564000 209.996000 288
119 457.666000 209.200000 540
120 452.429000 209.166000 266
121 446.401000 208.614000 936
122 444.975000 209.014000 601
123 447.128000 209.395000 1013
124 445.097000 209.130000 916
125 441.143000 208.343000 694
126 437.397000 207.504000 685
127 437.548000 208.390000 1081
128 435.253000 207.744000 460
129 438.453000 208.320000 920
130 436.102000 207.967000 883
131 433.441000 207.979000 793
132 435.128000 207.827000 853
133 433.589000 208.047000 534
134 433.829000 207.787000 423
135 434.824000 208.253000 672
136 431.867000 207.918000 658
137 434.026000 207.958000 1022
138 432.223000 208.038000 648
139 429.694000 207.181000 607
140 430.819000 207.677000 773
141 432.674000 207.985000 575
142 431.526000 207.703000 499
143 432.507000 208.158000 549
144 429.364000 206.744000 457
145 431.755000 207.802000 896
146 432.550000 207.963000 780
147 430.241000 207.602000 549
148 430.728000 207.607000 591
149 431.205000 207.164000 677
150 430.886000 207.576000 660
151 432.370000 207.428000 701
152 429.718000 207.790000 352
153 432.103000 207.863000 1155
154 432.592000 207.928000 874
155 429.467000 207.308000 548
156 432.277000 207.517000 1066
157 431.920000 207.520000 977
158 430.896000 207.771000 914
159 431.235000 207.715000 633
160 430.586000 207.725000 1009
161 427.247000 207.506000 563
162 429.455000 207.889000 811
163 429.491000 207.495000 1092
164 427.618000 207.631000 655
165 427.854000 207.724000 698
166 425.317000 207.400000 470
167 427.565000 207.407000 674
168 426.061000 207.481000 765
169 426.858000 207.370000 860
170 427.675000 207.696000 781
171 424.064000 207.093000 627
172 425.141000 207.320000 575
173 426.011000 206.916000 468
174 424.275000 207.212000 554
175 426.168000 207.678000 626
176 427.072000 207.139000 790
177 425.080000 206.847000 543
178 426.071000 207.498000 620
179 426.699000 207.452000 981
180 425.663000 207.508000 441
181 425.413000 207.066000 486
182 426.621000 207.542000 894
183 423.965000 206.735000 433
184 426.327000 207.559000 770
185 424.683000 206.692000 379
186 424.719000 207.218000 445
187 424.847000 207.067000 705
188 426.922000 207.354000 1158
189 425.755000 207.378000 653
190 427.406000 207.580000 462
191 427.274000 207.254000 1003
192 617.191000 275.681000 10517
193 827.620000 281.657000 822
194 807.002000 270.267000 4396
195 444.800000 221.237000 722
196 441.208000 218.972000 321
197 441.106000 218.709000 205
198 444.962000 218.721000 275
199 445.054000 218.402000 234
200 445.208000 218.737000 202
[FINAL]:
Server Throughput=251461.936835 Byte/s
AverageUPL=477.008000
    AverageRTT=216.051000
    tcpi_retransmits=0
    tcpi_rto=420000
    tcpi_lost=0
    tcpi_retrans=0
    tcpi_snd_cwnd=140
    tcpi_snd_ssthresh=34
    tcpi_total_retrans=0
101 314.172000 207.945000 108
102 314.832000 208.162000 395
103 314.279000 208.248000 289
104 315.601000 208.177000 188
105 315.250000 208.534000 422
106 313.788000 208.174000 455
107 315.506000 208.258000 482
108 315.199000 208.410000 207
109 315.315000 208.608000 551
110 315.574000 208.381000 369
111 315.986000 208.282000 506
112 315.922000 208.160000 629
113 314.081000 208.103000 442
114 315.822000 208.181000 455
115 314.647000 207.920000 364
116 314.619000 208.050000 284
117 315.463000 208.364000 163
118 314.004000 207.886000 252
119 315.212000 208.174000 441
120 314.135000 207.833000 425
121 314.060000 208.005000 318
122 315.090000 208.238000 209
123 313.874000 208.032000 556
124 315.308000 208.329000 358
125 316.081000 208.271000 514
126 315.006000 208.032000 353
127 314.511000 208.006000 478
128 315.493000 208.269000 302
129 315.238000 208.105000 479
130 314.766000 208.149000 221
131 315.051000 208.207000 443
132 315.495000 207.931000 480
133 315.820000 208.291000 404
134 314.873000 208.226000 434
135 315.725000 208.108000 512
136 314.714000 208.029000 349
137 314.711000 207.970000 320
138 315.863000 208.307000 387
139 314.199000 208.292000 406
140 314.438000 208.288000 472
141 315.867000 208.319000 470
142 314.086000 207.817000 366
143 315.572000 208.375000 497
144 315.175000 208.003000 301
145 316.716000 207.962000 726
146 315.069000 208.077000 222
147 315.722000 207.999000 502
148 314.832000 207.767000 477
149 315.279000 207.979000 201
150 315.304000 208.261000 99
151 314.259000 207.722000 384
152 314.868000 207.839000 456
153 313.975000 207.820000 304
154 314.682000 207.945000 488
155 315.780000 207.975000 635
156 315.046000 207.868000 315
157 313.646000 207.932000 608
158 315.833000 208.306000 323
159 314.687000 208.005000 448
160 313.702000 208.072000 300
161 314.410000 207.671000 480
162 315.197000 208.025000 351
163 314.651000 207.997000 379
164 313.982000 207.935000 423
165 313.943000 207.877000 486
166 316.197000 208.179000 420
167 315.676000 207.876000 480
168 314.597000 207.753000 482
169 313.842000 207.803000 407
170 315.115000 207.940000 241
171 314.389000 207.893000 373
172 314.996000 207.884000 150
173 315.459000 208.043000 377
174 314.681000 208.166000 591
175 314.892000 207.966000 254
176 314.698000 207.870000 309
177 314.833000 207.620000 396
178 313.305000 207.573000 454
179 314.036000 207.940000 290
180 314.499000 207.494000 300
181 315.433000 207.904000 631
182 315.104000 207.789000 424
183 314.220000 207.851000 403
184 314.285000 207.747000 130
185 314.496000 207.727000 396
186 314.937000 207.764000 377
187 314.016000 207.487000 407
188 313.702000 207.899000 236
189 314.928000 208.004000 354
190 315.498000 207.993000 362
191 315.050000 207.864000 311
192 315.294000 207.901000 243
193 315.308000 207.979000 134
194 315.339000 207.747000 512
195 315.213000 207.969000 317
196 314.818000 207.751000 379
197 313.637000 207.708000 409
198 314.709000 207.727000 415
199 315.069000 207.634000 412
200 314.647000 207.721000 364
[FINAL]:
Server Throughput=309542.624925 Byte/s
AverageUPL=314.889000
    AverageRTT=208.006000
    tcpi_retransmits=0
    tcpi_rto=408000
    tcpi_lost=0
    tcpi_retrans=0
    tcpi_snd_cwnd=143
    tcpi_snd_ssthresh=2147483647
    tcpi_total_retrans=0
101 842.497000 282.508000 2486
102 827.830000 281.560000 1094
103 827.733000 281.634000 981
104 828.028000 281.782000 1020
105 828.320000 281.696000 902
106 738.744000 231.755000 9434
107 672.566000 219.361000 636
108 597.462000 218.680000 354
109 553.723000 219.040000 1312
110 531.056000 218.735000 283
111 516.952000 219.273000 123
112 498.340000 218.962000 1911
113 494.694000 219.055000 1940
114 486.235000 220.275000 714
115 480.114000 218.732000 281
116 476.229000 218.785000 285
117 472.729000 218.691000 347
118 470.267000 220.173000 522
119 468.687000 218.876000 389
120 468.698000 218.697000 263
121 470.814000 220.307000 951
122 457.726000 210.850000 1552
123 457.578000 211.077000 1169
124 453.274000 211.448000 1207
125 450.261000 211.041000 1206
126 448.289000 210.953000 1016
127 447.188000 210.990000 695
128 443.577000 211.156000 932
129 443.465000 210.511000 1078
130 445.390000 211.244000 539
131 442.405000 209.366000 337
132 439.407000 208.869000 752
133 440.433000 208.543000 785
134 440.284000 208.197000 1075
135 438.622000 208.185000 818
136 439.954000 208.306000 605
137 435.859000 208.324000 391
138 435.306000 207.927000 761
139 438.676000 208.124000 804
140 438.259000 207.655000 890
141 434.360000 207.701000 198
142 435.083000 207.544000 438
143 435.495000 208.030000 811
144 435.245000 207.703000 772
145 433.440000 207.961000 687
146 433.488000 207.374000 626
147 435.576000 207.973000 956
148 430.841000 207.742000 985
149 433.829000 207.808000 869
150 434.860000 208.218000 666
151 433.100000 208.036000 510
152 432.169000 206.882000 156
153 431.457000 207.440000 377
154 434.415000 208.093000 988
155 433.444000 207.949000 744
156 433.596000 207.775000 728
157 431.984000 207.764000 673
158 431.144000 207.526000 619
159 431.147000 207.794000 501
160 432.473000 207.592000 639
161 430.699000 207.460000 355
162 432.465000 208.041000 696
163 431.462000 207.649000 600
164 428.810000 207.480000 499
165 430.636000 207.403000 593
166 432.136000 207.515000 819
167 432.730000 207.972000 1023
168 430.564000 207.992000 432
169 431.832000 208.378000 354
170 432.138000 208.137000 816
171 432.204000 207.587000 714
172 433.346000 207.975000 1096
173 432.216000 207.675000 518
174 429.538000 207.520000 665
175 431.708000 207.743000 521
176 431.999000 207.930000 509
177 431.131000 207.708000 584
178 431.060000 207.646000 572
179 434.422000 207.736000 984
180 432.425000 207.526000 542
181 433.543000 207.779000 1054
182 433.974000 208.062000 862
183 432.770000 208.031000 684
184 433.283000 207.898000 576
185 432.062000 207.164000 420
186 431.963000 207.555000 465
187 434.445000 207.873000 969
188 433.160000 207.759000 804
189 433.289000 207.914000 711
190 431.060000 207.292000 383
191 431.372000 207.865000 743
192 629.528000 207.927000 1029
193 431.772000 207.982000 791
194 429.621000 207.090000 224
195 434.297000 207.769000 1478
196 433.020000 207.975000 771
197 432.067000 207.421000 706
198 433.701000 207.968000 741
199 432.844000 207.547000 946
200 433.038000 207.799000 922
[FINAL]:
Server Throughput=206898.040677 Byte/s
AverageUPL=471.391000
    AverageRTT=213.759000
    tcpi_retransmits=0
    tcpi_rto=408000
    tcpi_lost=0
    tcpi_retrans=0
    tcpi_snd_cwnd=138
    tcpi_snd_ssthresh=48
    tcpi_total_retrans=0
101 424.059000 207.781000 836
102 425.488000 207.662000 649
103 427.788000 207.790000 821
104 427.398000 207.413000 974
105 427.519000 207.656000 903
106 427.650000 207.475000 1044
107 425.126000 207.173000 449
108 427.316000 207.376000 1043
109 426.473000 207.274000 690
110 426.435000 207.316000 697
111 426.751000 207.550000 1091
112 427.313000 207.441000 977
113 423.992000 207.116000 705
114 426.538000 207.204000 863
115 427.137000 207.596000 906
116 423.810000 207.343000 574
117 426.273000 207.417000 602
118 427.413000 207.841000 882
119 428.475000 207.513000 1086
120 427.470000 207.912000 719
121 424.484000 206.939000 383
122 424.402000 207.250000 623
123 423.727000 207.344000 545
124 425.019000 207.347000 1078
125 424.350000 206.927000 642
126 422.810000 206.919000 426
127 424.990000 207.601000 818
128 425.196000 207.154000 919
129 424.599000 207.289000 745
130 424.581000 207.267000 708
131 423.749000 206.687000 620
132 424.520000 207.587000 811
133 425.437000 207.602000 1176
134 422.587000 206.884000 625
135 424.679000 207.307000 960
136 423.389000 207.278000 788
137 423.332000 207.183000 748
138 424.459000 207.354000 1104
139 421.922000 206.734000 649
140 423.095000 207.533000 603
141 422.199000 206.943000 405
142 424.107000 207.657000 1013
143 421.842000 207.305000 696
144 424.726000 207.630000 1035
145 421.843000 207.406000 517
146 423.332000 207.163000 804
147 423.395000 208.117000 787
148 423.082000 207.739000 1039
149 566.120000 270.833000 16274
150 828.035000 281.576000 790
151 808.403000 277.851000 1957
152 441.278000 219.391000 1153
153 437.439000 218.774000 202
154 634.542000 214.570000 1102
155 431.881000 214.864000 1157
156 439.144000 214.957000 782
157 439.233000 215.754000 151
158 433.390000 214.665000 922
159 436.617000 214.517000 1245
160 431.196000 211.488000 1008
161 429.422000 210.587000 706
162 430.628000 209.694000 888
163 428.038000 208.578000 809
164 427.217000 208.349000 515
165 427.625000 208.148000 647
166 426.456000 207.792000 927
167 428.581000 208.086000 970
168 426.710000 207.765000 640
169 427.410000 208.390000 1064
170 425.684000 207.574000 1133
171 425.842000 207.965000 1047
172 425.254000 207.537000 637
173 424.457000 207.583000 1103
174 425.575000 208.077000 1229
175 424.417000 207.920000 489
176 424.735000 207.582000 786
177 425.484000 208.297000 860
178 425.324000 208.049000 1091
179 423.999000 207.916000 641
180 420.869000 207.326000 567
181 425.558000 207.766000 1301
182 424.867000 207.855000 1001
183 425.521000 207.462000 1155
184 425.101000 207.558000 1138
185 423.705000 207.807000 957
186 423.230000 207.913000 676
187 423.801000 207.598000 899
188 423.381000 207.835000 1106
189 421.219000 207.686000 749
190 424.016000 207.828000 928
191 422.766000 207.422000 875
192 423.011000 207.665000 830
193 421.998000 207.610000 1108
194 419.862000 207.758000 625
195 422.926000 207.910000 843
196 421.140000 207.467000 583
197 423.173000 207.267000 1012
198 424.444000 208.057000 1437
199 420.487000 207.514000 695
200 424.537000 207.944000 1095
[FINAL]:
Server Throughput=209560.133280 Byte/s
AverageUPL=437.120000
    AverageRTT=210.403000
    tcpi_retransmits=0
    tcpi_rto=408000
    tcpi_lost=0
    tcpi_retrans=0
    tcpi_snd_cwnd=146
    tcpi_snd_ssthresh=42
    tcpi_total_retrans=0
101 427.309000 219.857000 8511
102 424.586000 219.418000 8143
103 423.306000 219.860000 7654
104 426.745000 221.057000 8198
105 425.413000 221.510000 14991
106 426.876000 227.334000 20746
107 424.385000 221.331000 7676
108 422.912000 223.413000 17798
109 421.625000 223.590000 16994
110 423.546000 223.189000 8582
111 426.827000 233.951000 14990
112 425.999000 228.071000 18419
113 427.450000 229.461000 7878
114 445.611000 239.197000 8357
115 577.851000 398.289000 70285
116 625.090000 428.907000 48529
117 640.248000 322.959000 52162
118 610.058000 329.323000 56140
119 575.798000 344.520000 79129
120 445.513000 249.063000 16775
121 447.937000 256.798000 18420
122 440.336000 255.922000 14482
123 445.233000 264.566000 26983
124 439.284000 261.569000 16450
125 459.450000 262.554000 14287
126 454.656000 224.262000 14726
127 444.669000 221.301000 13195
128 433.165000 223.441000 18938
129 434.007000 219.506000 9498
130 433.610000 223.511000 15055
131 435.857000 226.660000 17608
132 432.649000 224.777000 17275
133 434.392000 228.152000 15123
134 430.365000 223.414000 10552
135 430.389000 222.200000 10173
136 429.020000 221.996000 10042
137 431.005000 223.312000 9853
138 432.280000 230.857000 17481
139 431.897000 223.156000 9654
140 433.047000 224.222000 9888
141 432.181000 223.422000 9327
142 427.864000 222.472000 9651
143 430.975000 226.479000 17204
144 433.238000 227.190000 17268
145 427.699000 228.157000 13627
146 429.858000 228.371000 18827
147 434.431000 230.107000 18238
148 427.012000 227.056000 9781
149 425.756000 229.325000 19647
150 422.924000 227.652000 9937
151 425.966000 233.519000 19125
152 422.955000 230.755000 8911
153 422.014000 234.580000 7420
154 432.523000 235.999000 8695
155 437.010000 220.180000 15945
156 431.453000 218.855000 13107
157 428.777000 219.325000 7899
158 429.176000 224.638000 17526
159 429.170000 226.936000 17753
160 428.606000 239.086000 24814
161 424.290000 232.846000 19437
162 425.102000 231.691000 8836
163 422.647000 236.309000 18895
164 422.936000 235.419000 8197
165 441.916000 246.615000 9341
166 435.786000 214.462000 4200
167 432.277000 215.758000 6986
168 431.586000 219.080000 7967
169 430.156000 218.061000 8282
170 427.901000 219.940000 15603
171 426.789000 218.738000 8741
172 429.577000 222.282000 16531
173 429.153000 221.457000 8280
174 426.468000 219.808000 8930
175 427.979000 220.453000 8736
176 425.178000 219.690000 8882
177 427.946000 221.443000 10846
178 428.834000 221.046000 8107
179 428.985000 221.825000 8433
180 428.224000 220.522000 8281
181 425.646000 219.680000 9059
182 432.553000 229.244000 16362
183 428.795000 224.096000 15061
184 428.633000 221.262000 7130
185 425.079000 226.063000 14012
186 423.525000 224.268000 18488
187 425.252000 233.258000 25905
188 425.203000 223.455000 7515
189 422.376000 224.104000 8515
190 425.152000 231.589000 20329
191 422.695000 225.774000 8050
192 422.853000 231.338000 18810
193 421.953000 233.926000 19070
194 429.812000 231.881000 7619
195 427.675000 213.134000 5703
196 429.051000 216.384000 7649
197 427.282000 218.859000 7799
198 426.034000 219.822000 8608
199 425.534000 224.448000 12560
200 424.686000 225.048000 8183
[FINAL]:
Server Throughput=229697.632124 Byte/s
AverageUPL=438.735000
    AverageRTT=234.156000
    tcpi_retransmits=0
    tcpi_rto=428000
    tcpi_lost=0
    tcpi_retrans=0
    tcpi_snd_cwnd=64
    tcpi_snd_ssthresh=48
    tcpi_total_retrans=0
101 437.812000 233.714000 11661
102 426.889000 233.173000 11428
103 426.196000 234.317000 19612
104 425.385000 244.144000 13513
105 424.306000 236.763000 19391
106 423.521000 236.723000 8107
107 435.846000 237.016000 8942
108 434.550000 216.969000 6944
109 432.210000 217.587000 8130
110 430.155000 220.040000 8778
111 427.931000 223.616000 12244
112 426.638000 222.621000 9526
113 427.910000 227.384000 10318
114 426.920000 230.380000 9500
115 427.251000 233.297000 18586
116 425.473000 233.089000 9586
117 426.158000 239.315000 20094
118 422.111000 236.256000 8667
119 432.909000 234.621000 8362
120 434.140000 216.306000 7405
121 435.864000 222.042000 15257
122 428.836000 219.362000 8868
123 433.219000 222.980000 9233
124 426.087000 223.137000 10270
125 426.612000 226.043000 9447
126 425.070000 239.051000 13072
127 425.872000 233.576000 18797
128 423.450000 229.456000 9069
129 425.296000 237.726000 19452
130 422.717000 234.205000 7893
131 437.520000 239.520000 8369
132 432.760000 214.683000 6270
133 430.208000 216.891000 8153
134 431.235000 221.878000 8818
135 427.635000 220.934000 9458
136 425.442000 224.493000 9065
137 426.218000 225.576000 9151
138 422.802000 229.723000 9496
139 425.622000 233.321000 19708
140 422.663000 229.670000 7821
141 424.057000 236.155000 19599
142 421.535000 234.813000 6918
143 430.364000 234.646000 9170
144 450.844000 217.435000 12259
145 430.723000 217.399000 6241
146 425.645000 217.744000 8614
147 428.277000 220.289000 7856
148 428.700000 232.806000 17508
149 424.906000 224.617000 8717
150 423.498000 227.530000 8873
151 422.990000 247.102000 27536
152 421.054000 228.016000 7288
153 423.872000 248.784000 23765
154 420.231000 230.368000 6990
155 435.855000 238.125000 8069
156 429.342000 213.580000 5717
157 424.990000 214.499000 6710
158 431.135000 222.904000 14376
159 424.210000 218.448000 7793
160 423.700000 219.577000 7791
161 423.262000 222.051000 7760
162 420.145000 224.528000 8158
163 419.611000 228.983000 18643
164 422.629000 227.576000 7634
165 421.414000 233.188000 18370
166 420.471000 228.784000 6974
167 428.084000 231.461000 6270
168 428.921000 213.761000 4265
169 427.256000 214.525000 6798
170 425.056000 219.772000 11862
171 424.951000 217.621000 7082
172 425.130000 220.256000 7953
173 424.526000 222.845000 7716
174 422.755000 223.483000 8064
175 428.734000 239.560000 23133
176 430.354000 238.730000 11353
177 570.298000 399.877000 79915
178 562.293000 437.526000 50950
179 640.720000 448.977000 69385
180 639.816000 330.110000 45519
181 640.621000 336.643000 68527
182 609.372000 352.729000 74852
183 594.029000 373.173000 73156
184 577.467000 376.937000 84758
185 578.099000 402.875000 67836
186 562.148000 416.883000 70749
187 562.438000 405.890000 58390
188 640.059000 435.785000 46901
189 672.020000 327.885000 63303
190 625.436000 328.055000 53776
191 581.546000 339.968000 58746
192 449.148000 254.057000 29926
193 447.990000 251.025000 27662
194 439.297000 252.805000 24839
195 442.203000 253.039000 14901
196 441.391000 279.176000 36328
197 437.223000 254.211000 12639
198 453.327000 257.343000 14594
199 454.593000 224.724000 10386
200 443.781000 224.199000 12216
[FINAL]:
Server Throughput=220049.436967 Byte/s
AverageUPL=455.339000
    AverageRTT=252.674000
    tcpi_retransmits=0
    tcpi_rto=428000
    tcpi_lost=0
    tcpi_retrans=0
    tcpi_snd_cwnd=56
    tcpi_snd_ssthresh=48
    tcpi_total_retrans=0
101 426.463000 219.442000 8592
102 425.365000 219.312000 8958
103 428.838000 220.438000 7089
104 425.994000 219.955000 8899
105 425.702000 219.926000 8459
106 428.420000 223.195000 15063
107 425.978000 230.975000 26860
108 421.461000 222.343000 8317
109 423.132000 224.545000 18303
110 424.182000 224.487000 18368
111 426.294000 223.862000 7721
112 424.157000 233.459000 14979
113 426.122000 228.489000 18371
114 428.569000 229.675000 11364
115 427.289000 235.493000 9204
116 422.075000 236.836000 22777
117 438.911000 246.248000 10023
118 432.448000 216.326000 10363
119 429.965000 218.709000 12492
120 425.986000 218.513000 9111
121 428.049000 223.742000 17925
122 425.910000 225.290000 18313
123 422.624000 228.131000 19626
124 425.165000 236.410000 23003
125 425.214000 230.617000 7982
126 423.478000 234.723000 18497
127 421.169000 234.737000 8711
128 431.277000 233.400000 8275
129 438.402000 215.931000 7582
130 430.717000 215.685000 6129
131 428.795000 216.959000 8315
132 430.568000 217.961000 8034
133 430.354000 220.140000 14197
134 428.944000 224.154000 15687
135 429.078000 222.198000 15917
136 429.403000 221.637000 8905
137 424.899000 220.878000 8932
138 427.289000 220.525000 8208
139 431.706000 228.883000 16528
140 428.928000 221.234000 8604
141 428.194000 220.561000 8168
142 427.485000 220.373000 8871
143 427.067000 220.464000 8687
144 435.349000 223.747000 9558
145 431.841000 222.280000 9238
146 435.233000 228.491000 19766
147 434.764000 228.731000 19877
148 435.800000 228.626000 11662
149 430.356000 228.823000 19459
150 430.397000 228.599000 19777
151 430.849000 227.756000 9234
152 428.612000 226.954000 9577
153 424.646000 229.178000 19298
154 426.531000 229.225000 8979
155 426.605000 233.076000 9247
156 423.344000 255.793000 16045
157 436.351000 236.990000 7659
158 431.465000 217.616000 7881
159 430.704000 220.335000 17008
160 427.137000 218.090000 6079
161 425.730000 228.780000 22652
162 423.482000 224.860000 18641
163 424.468000 227.128000 18029
164 420.335000 230.043000 19305
165 423.725000 229.425000 7845
166 422.430000 238.852000 19324
167 418.005000 230.121000 7181
168 429.054000 230.280000 6819
169 430.736000 214.441000 5101
170 430.182000 214.549000 6776
171 428.373000 215.753000 7366
172 426.980000 217.181000 6865
173 429.296000 219.724000 13951
174 428.598000 219.453000 7974
175 426.124000 220.338000 15523
176 424.400000 218.391000 7802
177 425.499000 220.113000 8138
178 424.523000 219.520000 8704
179 427.212000 219.423000 7753
180 426.343000 219.548000 8339
181 425.149000 219.355000 8301
182 426.110000 219.098000 8253
183 424.775000 219.139000 8550
184 424.317000 218.233000 7920
185 425.732000 218.684000 8067
186 426.226000 222.668000 16400
187 425.594000 223.159000 16004
188 521.814000 312.925000 46280
189 593.219000 365.523000 73421
190 594.003000 365.429000 81257
191 578.007000 375.021000 61008
192 578.265000 381.080000 59408
193 577.616000 418.683000 53919
194 562.539000 428.543000 53487
195 640.171000 441.080000 64501
196 640.595000 336.494000 56225
197 609.219000 340.462000 76670
198 593.607000 343.123000 55790
199 577.935000 369.021000 67390
200 577.815000 379.823000 61933
[FINAL]:
Server Throughput=228531.825965 Byte/s
AverageUPL=448.402000
    AverageRTT=244.066000
    tcpi_retransmits=0
    tcpi_rto=656000
    tcpi_lost=0
    tcpi_retrans=0
    tcpi_snd_cwnd=67
    tcpi_snd_ssthresh=49
    tcpi_total_retrans=0
101 425.823000 233.742000 21170
102 427.872000 241.626000 13666
103 421.862000 234.663000 19320
104 422.307000 247.517000 11919
105 431.298000 239.521000 11617
106 431.882000 215.008000 5390
107 428.630000 215.390000 8392
108 429.542000 218.918000 8549
109 429.035000 221.564000 9095
110 426.496000 222.665000 8446
111 424.734000 223.617000 8484
112 424.447000 230.263000 12937
113 424.293000 232.326000 19321
114 422.730000 230.564000 9079
115 422.786000 234.461000 18816
116 420.158000 232.338000 7727
117 440.902000 256.582000 16565
118 432.632000 215.574000 4229
119 431.077000 216.888000 6671
120 429.151000 219.740000 8331
121 428.955000 220.645000 8123
122 426.158000 228.258000 11510
123 425.428000 224.655000 8785
124 424.646000 228.084000 8842
125 424.753000 232.025000 18665
126 427.932000 231.435000 8817
127 427.110000 233.769000 9213
128 424.073000 238.285000 9588
129 437.870000 239.017000 8727
130 436.626000 217.588000 6321
131 440.670000 221.324000 4002
132 431.177000 220.991000 8997
133 430.113000 221.472000 10123
134 428.807000 225.003000 10294
135 427.096000 226.357000 9683
136 424.717000 229.770000 9507
137 425.231000 233.540000 19984
138 422.967000 231.041000 8666
139 425.263000 251.577000 28620
140 421.707000 236.503000 7803
141 432.610000 235.148000 8176
142 435.844000 215.889000 5876
143 431.400000 217.573000 7563
144 432.989000 226.005000 14978
145 428.909000 221.202000 8457
146 426.673000 224.350000 8333
147 425.658000 224.297000 9113
148 424.227000 228.363000 9125
149 425.725000 233.722000 19296
150 421.661000 230.809000 8600
151 425.348000 236.202000 19970
152 421.794000 239.493000 13190
153 431.929000 235.089000 8219
154 437.721000 217.594000 4360
155 430.841000 215.933000 7321
156 428.694000 223.413000 11193
157 429.903000 221.905000 8922
158 428.026000 222.408000 8761
159 424.667000 224.047000 7959
160 422.706000 227.601000 9161
161 422.646000 232.045000 20114
162 423.610000 230.203000 9077
163 423.095000 235.847000 19571
164 419.939000 232.750000 7759
165 431.698000 232.980000 7450
166 429.917000 213.542000 6284
167 426.140000 215.744000 8049
168 426.481000 217.705000 8430
169 422.678000 217.832000 8427
170 425.207000 220.918000 8742
171 424.441000 234.589000 15172
172 422.615000 227.721000 7582
173 421.030000 229.026000 18600
174 421.249000 228.005000 7974
175 421.319000 233.461000 18300
176 420.481000 247.732000 13721
177 431.433000 232.808000 7254
178 436.389000 217.895000 3388
179 427.118000 215.057000 7679
180 425.493000 219.040000 8380
181 426.377000 222.832000 11187
182 423.826000 221.322000 8814
183 425.606000 224.302000 8514
184 424.230000 226.514000 8010
185 419.365000 228.780000 18878
186 419.929000 229.573000 8244
187 422.710000 233.069000 18099
188 420.702000 233.069000 7803
189 429.859000 231.460000 7180
190 432.896000 216.578000 5220
191 428.468000 216.345000 7498
192 432.975000 222.187000 10632
193 436.009000 231.762000 14428
194 433.308000 226.899000 10533
195 432.343000 229.587000 10846
196 497.902000 267.227000 12543
197 577.761000 392.703000 67091
198 578.193000 425.630000 77015
199 562.221000 437.888000 60389
200 609.135000 409.314000 48936
[FINAL]:
Server Throughput=227064.986033 Byte/s
AverageUPL=434.130000
    AverageRTT=235.572000
    tcpi_retransmits=0
    tcpi_rto=708000
    tcpi_lost=0
    tcpi_retrans=0
    tcpi_snd_cwnd=48
    tcpi_snd_ssthresh=48
    tcpi_total_retrans=0
101 562.239000 418.920000 66594
102 562.313000 428.810000 58974
103 656.072000 456.352000 58639
104 640.576000 315.354000 41638
105 609.017000 334.917000 65025
106 609.446000 368.302000 69900
107 593.500000 364.856000 85441
108 593.502000 386.076000 75195
109 593.130000 399.426000 69318
110 577.976000 423.649000 64854
111 562.052000 427.483000 44825
112 671.862000 472.767000 63195
113 640.641000 312.478000 34095
114 624.713000 327.883000 57973
115 609.212000 353.421000 72926
116 577.713000 356.197000 77200
117 593.828000 404.407000 87894
118 578.109000 390.065000 70915
119 578.009000 424.998000 79138
120 562.122000 431.611000 50030
121 640.463000 442.825000 57999
122 640.575000 318.155000 51294
123 625.015000 337.579000 67571
124 624.666000 356.112000 76871
125 593.579000 392.620000 70576
126 593.571000 398.593000 72894
127 578.019000 393.600000 73306
128 578.336000 435.425000 69171
129 562.129000 451.709000 63141
130 624.964000 409.312000 48867
131 654.263000 317.976000 40508
132 624.807000 337.940000 61054
133 609.549000 361.589000 76316
134 595.229000 351.080000 72756
135 591.764000 368.376000 81913
136 577.927000 426.171000 81078
137 562.646000 408.084000 66562
138 562.118000 436.724000 70181
139 606.995000 421.841000 46171
140 640.392000 326.184000 56967
141 640.708000 325.685000 57435
142 593.668000 333.203000 72978
143 593.475000 369.880000 86667
144 578.176000 374.619000 70099
145 577.786000 429.472000 81714
146 578.128000 417.853000 66375
147 562.216000 446.693000 69915
148 611.544000 418.162000 55937
149 466.159000 230.780000 12241
150 454.688000 230.720000 13624
151 452.439000 236.089000 16577
152 449.361000 236.230000 18521
153 448.833000 241.536000 17800
154 447.110000 249.605000 27841
155 445.924000 250.800000 17104
156 440.304000 257.581000 17037
157 443.446000 260.233000 27961
158 438.070000 269.198000 18992
159 457.970000 263.434000 15156
160 462.704000 229.543000 10578
161 458.454000 232.482000 11291
162 455.077000 237.860000 14431
163 452.539000 239.183000 17524
164 445.809000 240.345000 15876
165 452.218000 254.565000 29516
166 434.302000 245.323000 17057
167 427.930000 233.101000 9428
168 426.005000 242.341000 25214
169 422.494000 263.023000 17523
170 434.691000 253.729000 17508
171 442.322000 217.940000 12504
172 432.977000 217.931000 7569
173 428.013000 218.175000 8230
174 429.374000 221.470000 8837
175 427.995000 227.177000 11012
176 427.039000 224.814000 9289
177 423.652000 227.322000 9338
178 422.625000 231.502000 19401
179 422.373000 228.813000 8602
180 424.982000 236.590000 19365
181 423.766000 234.557000 8361
182 430.136000 232.081000 7869
183 429.989000 215.252000 5629
184 430.651000 216.521000 7518
185 427.826000 219.190000 8972
186 425.229000 219.925000 8528
187 428.254000 225.346000 10313
188 425.852000 225.236000 9096
189 424.880000 229.868000 10317
190 424.410000 235.570000 18611
191 424.419000 231.456000 8152
192 421.889000 237.912000 18788
193 421.219000 232.998000 7251
194 433.500000 230.661000 8024
195 433.265000 216.003000 4916
196 428.172000 215.864000 8307
197 427.616000 223.773000 15060
198 426.927000 220.441000 8718
199 422.924000 220.418000 8283
200 424.537000 223.223000 8673
[FINAL]:
Server Throughput=202199.781978 Byte/s
AverageUPL=514.520000
    AverageRTT=307.611000
    tcpi_retransmits=0
    tcpi_rto=424000
    tcpi_lost=0
    tcpi_retrans=0
    tcpi_snd_cwnd=64
    tcpi_snd_ssthresh=48
    tcpi_total_retrans=0
