1 983.554000 474.414000 247511
2 397.926000 442.402000 247779
3 359.689000 414.455000 241728
4 355.257000 389.913000 230381
5 347.178000 368.449000 215712
6 331.107000 348.675000 201332
7 319.696000 331.182000 185986
8 326.229000 315.994000 169866
9 319.521000 302.553000 154280
10 319.681000 290.817000 139183
11 316.278000 280.419000 125182
12 317.311000 271.472000 111780
13 314.255000 263.346000 100088
14 315.723000 256.480000 88799
15 315.378000 250.515000 78529
16 315.145000 245.112000 69702
17 316.820000 240.512000 61477
18 315.842000 236.361000 54410
19 315.830000 232.783000 47963
20 316.265000 229.821000 41896
21 315.775000 227.079000 36905
22 315.480000 224.750000 32339
23 315.850000 222.682000 28388
24 315.740000 220.898000 24860
25 316.470000 219.352000 21736
26 314.716000 217.963000 19081
27 314.940000 216.684000 16869
28 315.797000 215.656000 14708
29 316.299000 214.713000 12916
30 315.571000 213.908000 11297
31 316.095000 213.187000 9915
32 315.534000 212.587000 8637
33 314.636000 211.939000 7774
34 315.384000 211.396000 6917
35 314.705000 210.918000 6142
36 315.025000 210.539000 5366
37 315.256000 210.224000 4654
38 316.020000 209.899000 4140
39 315.490000 209.590000 3723
40 314.756000 209.334000 3305
41 315.051000 209.156000 2833
42 315.358000 209.051000 2337
43 314.770000 208.781000 2291
44 316.105000 208.798000 1752
45 315.059000 208.739000 1432
46 315.384000 208.585000 1382
47 315.174000 208.369000 1393
48 316.474000 208.300000 1182
49 315.966000 208.265000 957
50 315.799000 208.150000 948
51 313.706000 208.119000 773
52 315.495000 208.140000 622
53 319.211000 208.348000 881
54 315.895000 208.353000 670
55 315.433000 208.315000 579
56 314.977000 208.139000 604
57 314.579000 208.043000 610
58 314.697000 207.963000 610
59 315.209000 208.007000 546
60 314.788000 207.942000 540
61 314.750000 207.901000 488
62 314.859000 207.879000 410
63 315.099000 207.868000 329
64 316.367000 208.031000 574
65 425.351000 211.656000 7679
66 826.948000 220.195000 22839
67 796.281000 227.763000 32264
68 827.635000 234.404000 37481
69 827.701000 240.183000 39669
70 742.735000 245.240000 39864
71 630.953000 241.506000 37365
72 579.761000 238.895000 33246
73 542.387000 236.331000 30064
74 519.942000 234.183000 26843
75 503.607000 232.497000 23505
76 482.834000 229.853000 22917
77 473.958000 227.551000 21790
78 463.310000 225.412000 20621
79 459.756000 223.634000 19022
80 453.097000 222.022000 17490
81 450.102000 220.563000 16036
82 445.776000 219.322000 14510
83 442.679000 218.142000 13241
84 439.361000 216.816000 12584
85 439.533000 215.800000 11469
86 439.379000 214.788000 10627
87 437.861000 214.042000 9461
88 438.015000 213.368000 8445
89 438.758000 212.630000 7808
90 436.090000 212.049000 7019
91 433.680000 211.533000 6295
92 432.391000 211.033000 5723
93 432.825000 210.728000 4902
94 435.948000 210.658000 3815
95 433.317000 210.157000 3821
96 433.435000 209.996000 3189
97 432.655000 209.799000 2784
98 434.739000 209.786000 2115
99 433.838000 209.636000 1885
100 433.514000 209.471000 1744
101 433.672000 209.302000 1646
102 436.693000 209.229000 1382
103 432.375000 209.063000 1368
104 432.816000 209.030000 1091
105 430.042000 208.767000 1122
106 430.600000 208.618000 1125
107 432.499000 208.412000 1141
108 431.734000 208.517000 1065
109 431.505000 208.431000 971
110 429.679000 208.539000 944
111 432.777000 208.518000 750
112 432.420000 208.583000 692
113 431.956000 208.851000 1056
114 429.374000 208.730000 1034
115 430.865000 208.664000 908
116 430.623000 208.444000 935
117 430.160000 208.353000 883
118 431.521000 208.155000 904
119 428.350000 208.076000 837
120 428.281000 208.195000 866
121 429.019000 208.263000 786
122 427.712000 208.327000 717
123 425.648000 208.202000 726
124 425.098000 208.082000 733
125 427.851000 208.222000 829
126 426.644000 208.145000 774
127 426.546000 208.137000 598
128 426.525000 208.146000 467
129 426.231000 208.235000 527
130 426.781000 208.157000 530
131 425.261000 208.192000 468
132 426.547000 208.205000 377
133 426.901000 208.210000 292
134 426.155000 208.130000 302
135 426.233000 208.182000 333
136 424.443000 207.961000 377
137 427.159000 208.006000 372
138 427.419000 207.991000 308
139 426.425000 207.949000 309
140 428.334000 207.962000 258
141 426.868000 207.989000 247
142 426.970000 208.005000 218
143 426.862000 208.102000 357
144 425.345000 207.915000 393
145 425.049000 207.889000 345
146 425.823000 207.953000 386
147 426.463000 207.965000 314
148 429.465000 208.126000 558
149 425.369000 208.056000 558
150 426.155000 208.004000 522
151 426.415000 207.958000 484
152 425.345000 207.962000 371
153 425.415000 207.870000 383
154 424.882000 207.792000 390
155 423.410000 207.858000 425
156 425.041000 208.015000 633
157 423.555000 207.788000 670
158 424.276000 207.870000 667
159 424.431000 207.706000 687
160 425.267000 207.638000 653
161 425.926000 207.659000 533
162 427.075000 207.895000 872
163 427.162000 207.920000 704
164 427.053000 207.880000 607
165 426.895000 207.800000 608
166 426.484000 207.816000 489
167 426.010000 207.999000 731
168 427.633000 208.168000 888
169 424.452000 207.947000 915
170 426.150000 207.974000 740
171 426.571000 208.165000 937
172 426.024000 208.084000 863
173 425.889000 208.036000 745
174 426.719000 208.169000 826
175 427.694000 208.269000 818
176 425.934000 208.446000 968
177 451.183000 208.432000 755
178 827.446000 217.469000 18642
179 827.764000 225.403000 29848
180 827.707000 232.322000 36224
181 827.667000 238.385000 39295
182 827.602000 243.671000 40042
183 827.878000 248.371000 39432
184 827.294000 252.385000 37602
185 726.337000 252.204000 28563
186 616.637000 248.085000 28700
187 564.122000 244.635000 28424
188 532.966000 241.444000 27701
189 513.571000 238.837000 25990
190 495.513000 236.179000 24809
191 478.009000 233.256000 24451
192 467.363000 230.807000 23237
193 460.420000 228.362000 22318
194 455.082000 226.099000 21265
195 450.035000 224.060000 20026
196 453.039000 222.558000 18024
197 447.775000 220.905000 16824
198 445.312000 219.477000 15474
199 442.748000 217.986000 14588
200 443.724000 216.818000 13275
[FINAL]:
Client Throughput=2.320347 Byte/s
AverageUPL=467.341000
    AverageRTT=213.900000
    tcpi_retransmits=0
    tcpi_rto=420000
    tcpi_lost=0
    tcpi_retrans=0
    tcpi_snd_cwnd=18
    tcpi_snd_ssthresh=2147483647
    tcpi_total_retrans=0
1 853.489000 400.609000 214035
2 358.243000 376.716000 208314
3 331.276000 355.803000 198061
4 322.787000 337.301000 185550
5 320.917000 321.338000 171089
6 319.611000 307.366000 156260
7 319.206000 295.103000 141721
8 322.418000 284.350000 127797
9 320.915000 275.144000 114259
10 319.205000 266.900000 102183
11 319.291000 259.699000 91039
12 319.118000 253.389000 80898
13 320.863000 248.080000 71292
14 317.791000 243.242000 63146
15 319.512000 239.026000 55792
16 743.515000 237.643000 44610
17 828.201000 243.027000 44225
18 811.404000 247.665000 42445
19 827.655000 251.914000 40332
20 694.070000 252.618000 31657
21 829.603000 253.982000 26470
22 827.692000 257.305000 26498
23 827.548000 260.247000 25758
24 1077.612000 262.829000 24484
25 828.222000 265.093000 22891
26 811.566000 266.996000 20973
27 827.582000 268.712000 19162
28 814.292000 270.247000 17442
29 827.700000 271.564000 15715
30 827.638000 272.715000 14089
31 827.321000 273.688000 12512
32 827.730000 274.573000 11154
33 827.724000 275.368000 9957
34 827.469000 276.042000 8815
35 827.792000 276.664000 7856
36 827.568000 277.162000 6888
37 827.648000 277.628000 6096
38 852.084000 278.110000 5537
39 827.303000 278.447000 4827
40 828.097000 278.784000 4294
41 1089.069000 279.031000 3715
42 827.230000 279.199000 3121
43 827.929000 279.442000 2826
44 827.545000 279.602000 2441
45 832.845000 279.795000 2216
46 827.728000 279.927000 1926
47 827.517000 280.245000 2081
48 734.414000 280.325000 1721
49 624.862000 272.734000 3565
50 569.176000 266.280000 5067
51 544.310000 260.532000 6346
52 519.239000 255.283000 7459
53 503.346000 250.657000 8383
54 497.765000 246.888000 9063
55 490.283000 243.629000 9594
56 482.323000 240.731000 10019
57 472.041000 238.001000 10388
58 468.120000 235.523000 10683
59 465.334000 233.372000 10887
60 458.098000 230.493000 11266
61 452.794000 227.890000 11565
62 448.637000 225.874000 11707
63 448.252000 224.139000 11775
64 446.710000 222.638000 11782
65 444.133000 220.989000 11826
66 441.190000 219.449000 11841
67 441.662000 218.168000 11444
68 439.320000 217.409000 10101
69 437.988000 216.038000 10128
70 436.890000 215.086000 9500
71 435.872000 214.161000 8975
72 436.423000 213.324000 8405
73 437.645000 212.554000 7845
74 435.344000 212.165000 6661
75 434.315000 211.711000 5904
76 434.863000 211.434000 4981
77 434.303000 211.007000 4591
78 434.540000 210.596000 4264
79 434.426000 210.450000 3490
80 433.353000 210.113000 3292
81 433.642000 210.191000 2625
82 433.895000 209.824000 2634
83 433.974000 209.677000 2269
84 430.824000 209.421000 2215
85 432.833000 209.249000 2005
86 431.674000 209.086000 1829
87 430.987000 208.816000 1840
88 431.291000 208.610000 1791
89 432.483000 208.559000 1445
90 432.294000 208.530000 1142
91 430.965000 208.681000 1159
92 430.034000 208.719000 944
93 429.594000 208.560000 955
94 431.283000 208.658000 913
95 429.427000 208.665000 699
96 429.338000 208.784000 762
97 428.994000 208.658000 770
98 429.300000 208.686000 633
99 430.994000 208.778000 659
100 429.391000 208.879000 697
101 428.117000 208.803000 676
102 427.599000 208.882000 664
103 429.965000 208.843000 576
104 427.819000 208.811000 495
105 427.240000 208.719000 503
106 428.307000 208.667000 482
107 425.677000 208.262000 568
108 428.179000 208.378000 657
109 429.155000 208.601000 939
110 426.747000 208.576000 755
111 427.158000 208.615000 645
112 425.665000 208.490000 656
113 426.238000 208.327000 676
114 424.828000 208.180000 691
115 425.984000 208.137000 604
116 426.316000 208.117000 495
117 425.301000 207.935000 524
118 424.613000 207.806000 540
119 424.834000 207.628000 568
120 424.170000 207.578000 525
121 425.347000 207.705000 648
122 426.423000 207.623000 648
123 424.996000 207.864000 968
124 424.158000 207.784000 886
125 425.070000 207.822000 739
126 425.646000 207.949000 808
127 425.855000 208.048000 805
128 427.892000 208.240000 988
129 426.593000 208.119000 985
130 426.765000 208.219000 940
131 426.450000 208.304000 875
132 427.576000 208.294000 676
133 428.251000 208.507000 933
134 426.414000 208.405000 903
135 425.476000 208.373000 743
136 426.351000 208.440000 692
137 426.704000 208.341000 695
138 425.062000 208.272000 659
139 425.370000 208.277000 505
140 426.336000 208.307000 437
141 429.210000 208.463000 641
142 425.882000 208.171000 694
143 426.346000 208.056000 701
144 426.337000 208.073000 559
145 426.549000 208.139000 551
146 428.714000 208.264000 663
147 428.298000 208.321000 612
148 425.141000 208.186000 627
149 426.423000 208.117000 608
150 427.605000 208.041000 607
151 427.535000 208.136000 645
152 487.526000 208.084000 587
153 812.135000 217.169000 18610
154 827.472000 225.092000 29803
155 500.020000 229.684000 31536
156 440.849000 228.230000 26561
157 439.307000 226.987000 22407
158 439.336000 225.539000 19701
159 438.636000 224.260000 17332
160 433.045000 222.377000 16767
161 433.681000 220.881000 15567
162 429.183000 219.363000 14711
163 428.001000 217.977000 13805
164 429.261000 216.753000 12801
165 427.512000 215.611000 11884
166 429.234000 214.972000 10191
167 427.390000 214.075000 9439
168 428.937000 213.578000 8072
169 426.522000 212.987000 7237
170 428.135000 212.428000 6546
171 426.893000 211.857000 6050
172 426.595000 211.332000 5588
173 428.124000 211.091000 4674
174 424.555000 210.632000 4423
175 428.148000 210.391000 3800
176 426.642000 210.143000 3344
177 426.429000 209.910000 2975
178 426.416000 209.704000 2644
179 425.128000 209.416000 2559
180 425.872000 209.160000 2431
181 425.027000 208.935000 2273
182 426.237000 208.796000 1984
183 426.447000 208.784000 1512
184 428.164000 208.760000 1181
185 424.664000 208.640000 1125
186 423.206000 208.376000 1155
187 427.131000 208.385000 885
188 426.538000 208.518000 928
189 426.642000 208.510000 713
190 425.957000 208.303000 742
191 424.424000 208.062000 779
192 424.953000 207.906000 794
193 425.695000 207.891000 626
194 425.715000 207.941000 571
195 425.471000 207.929000 453
196 425.752000 207.874000 450
197 426.182000 207.933000 454
198 424.320000 207.886000 434
199 430.855000 208.258000 1071
200 425.726000 208.085000 1080
[FINAL]:
Client Throughput=1.998046 Byte/s
AverageUPL=436.447000
    AverageRTT=210.556000
    tcpi_retransmits=0
    tcpi_rto=412000
    tcpi_lost=0
    tcpi_retrans=0
    tcpi_snd_cwnd=18
    tcpi_snd_ssthresh=2147483647
    tcpi_total_retrans=0
1 846.484000 419.690000 225336
2 353.413000 393.011000 222360
3 329.942000 369.899000 212994
4 321.365000 349.566000 200412
5 316.984000 331.957000 185526
6 316.946000 316.536000 169988
7 315.904000 303.060000 154442
8 318.702000 291.412000 139128
9 316.891000 281.045000 125080
10 316.137000 271.775000 112350
11 315.217000 263.976000 99860
12 317.204000 257.017000 88813
13 315.569000 250.812000 79020
14 316.362000 245.545000 69800
15 315.027000 240.726000 61987
16 315.654000 236.641000 54660
17 315.130000 233.019000 48240
18 315.718000 229.899000 42420
19 316.438000 227.230000 37152
20 315.693000 224.835000 32654
21 316.140000 222.609000 28942
22 315.450000 220.752000 25422
23 316.593000 219.217000 22137
24 316.229000 217.812000 19411
25 316.166000 216.661000 16862
26 315.595000 215.559000 14850
27 315.966000 214.591000 13073
28 316.644000 213.847000 11294
29 314.685000 213.007000 10150
30 315.583000 212.245000 9136
31 315.370000 211.691000 7960
32 315.651000 211.157000 7038
33 315.564000 210.715000 6162
34 315.784000 210.376000 5300
35 315.139000 210.033000 4661
36 315.257000 209.775000 4012
37 315.618000 209.558000 3442
38 316.262000 209.338000 3023
39 316.564000 209.268000 2405
40 313.926000 209.003000 2335
41 315.739000 208.890000 1977
42 315.342000 208.716000 1830
43 316.108000 208.641000 1524
44 315.423000 208.504000 1417
45 315.587000 208.418000 1234
46 315.528000 208.340000 1082
47 316.325000 208.364000 860
48 316.156000 208.267000 841
49 314.881000 208.219000 725
50 313.826000 208.214000 555
51 316.148000 208.133000 558
52 315.947000 208.119000 446
53 315.613000 208.057000 447
54 315.350000 207.990000 450
55 315.761000 208.008000 374
56 316.075000 208.064000 392
57 314.517000 208.140000 447
58 313.979000 208.106000 404
59 314.702000 207.981000 422
60 315.079000 207.922000 423
61 315.241000 208.052000 577
62 315.879000 208.074000 477
63 315.890000 208.082000 374
64 314.636000 208.131000 377
65 315.349000 208.187000 395
66 314.507000 208.034000 421
67 315.665000 207.961000 426
68 314.919000 207.873000 434
69 315.711000 207.901000 381
70 315.394000 207.872000 344
71 314.445000 207.818000 346
72 314.835000 207.737000 356
73 315.643000 207.808000 408
74 314.691000 207.870000 429
75 315.829000 207.880000 343
76 315.869000 207.911000 319
77 315.670000 208.014000 446
78 316.102000 208.042000 390
79 315.394000 208.071000 349
80 316.217000 208.108000 336
81 315.448000 208.153000 343
82 315.281000 208.167000 285
83 315.643000 208.114000 289
84 314.418000 208.032000 300
85 314.760000 207.994000 300
86 315.832000 208.005000 248
87 315.912000 208.005000 186
88 315.201000 207.925000 201
89 315.378000 207.960000 219
90 314.729000 207.911000 225
91 315.806000 207.918000 184
92 315.944000 207.941000 182
93 316.325000 208.001000 258
94 314.159000 207.895000 277
95 313.951000 207.768000 300
96 315.697000 207.786000 262
97 316.284000 207.864000 351
98 316.021000 207.900000 337
99 314.966000 207.779000 357
100 315.879000 207.810000 330
101 315.599000 207.859000 346
102 315.145000 207.895000 331
103 314.095000 207.789000 347
104 314.432000 207.773000 293
105 315.508000 207.579000 332
106 315.162000 207.556000 296
107 315.737000 207.597000 306
108 315.572000 207.695000 423
109 314.480000 207.738000 404
110 315.316000 207.816000 460
111 316.598000 207.802000 373
112 315.308000 207.830000 335
113 316.055000 207.937000 466
114 315.012000 207.897000 428
115 313.852000 207.879000 357
116 315.601000 207.878000 272
117 314.030000 207.762000 292
118 692.263000 209.762000 4220
119 812.128000 218.658000 20957
120 1077.421000 226.400000 31202
121 747.113000 233.155000 36912
122 625.286000 230.958000 32078
123 580.042000 229.660000 26654
124 542.095000 228.215000 22881
125 522.915000 226.971000 19649
126 504.140000 225.983000 16713
127 492.078000 225.023000 14456
128 483.589000 224.172000 12543
129 480.177000 223.944000 9864
130 475.919000 223.225000 8835
131 463.173000 222.081000 8845
132 461.121000 220.729000 8906
133 456.842000 219.580000 8915
134 450.991000 218.530000 8787
135 447.520000 217.419000 8790
136 446.283000 216.616000 8197
137 449.689000 216.109000 7164
138 446.845000 215.549000 6491
139 445.300000 215.111000 5745
140 441.458000 214.255000 5780
141 443.634000 213.824000 5196
142 438.228000 213.217000 5111
143 434.535000 212.587000 5094
144 436.528000 212.034000 4926
145 436.773000 211.575000 4613
146 433.717000 210.978000 4618
147 435.212000 210.839000 3741
148 435.243000 210.584000 3315
149 431.443000 210.187000 3281
150 432.694000 209.972000 2891
151 433.594000 209.665000 2781
152 434.412000 209.452000 2513
153 433.493000 209.162000 2464
154 433.163000 209.212000 1947
155 433.084000 208.954000 1950
156 432.553000 208.876000 1621
157 430.643000 208.675000 1617
158 433.607000 208.658000 1246
159 432.205000 208.523000 1205
160 432.854000 208.526000 911
161 433.579000 208.554000 739
162 432.644000 208.593000 632
163 432.503000 208.538000 584
164 431.785000 208.492000 531
165 432.784000 208.324000 556
166 433.152000 208.304000 457
167 431.029000 208.121000 488
168 433.374000 208.143000 409
169 431.432000 207.945000 446
170 433.781000 208.053000 552
171 432.826000 208.004000 513
172 433.643000 208.133000 642
173 433.701000 208.202000 621
174 434.651000 208.268000 597
175 432.909000 208.398000 709
176 435.910000 208.630000 995
177 432.163000 208.577000 853
178 431.275000 208.487000 819
179 432.175000 208.397000 795
180 433.707000 208.464000 729
181 433.518000 208.476000 571
182 432.974000 208.606000 689
183 433.339000 208.602000 526
184 434.367000 208.714000 620
185 431.967000 208.698000 497
186 431.629000 208.715000 407
187 432.495000 208.732000 339
188 431.107000 208.624000 355
189 430.829000 208.703000 424
190 430.984000 208.932000 776
191 432.388000 208.879000 688
192 431.528000 208.852000 570
193 432.568000 208.745000 579
194 431.563000 208.723000 478
195 429.787000 208.651000 481
196 430.225000 208.549000 492
197 431.957000 208.580000 431
198 432.468000 208.548000 386
199 429.544000 208.306000 435
200 432.006000 208.334000 382
[FINAL]:
Client Throughput=2.628298 Byte/s
AverageUPL=438.857000
    AverageRTT=211.794000
    tcpi_retransmits=0
    tcpi_rto=412000
    tcpi_lost=0
    tcpi_retrans=0
    tcpi_snd_cwnd=18
    tcpi_snd_ssthresh=2147483647
    tcpi_total_retrans=0
1 845.841000 400.343000 213988
2 353.294000 376.236000 208704
3 344.392000 355.828000 197345
4 338.646000 337.916000 183832
5 390.624000 322.253000 169201
6 764.630000 317.014000 137378
7 812.048000 312.509000 112044
8 827.567000 308.532000 91986
9 658.149000 305.070000 75914
10 524.980000 293.666000 76393
11 523.522000 284.320000 75986
12 509.576000 276.351000 72927
13 499.437000 269.087000 69224
14 489.403000 262.952000 64188
15 483.790000 257.363000 59319
16 482.467000 252.782000 53651
17 471.815000 248.462000 48878
18 472.474000 244.705000 44173
19 468.542000 241.426000 39688
20 468.208000 238.547000 35524
21 467.749000 236.021000 31695
22 468.181000 233.776000 28260
23 471.991000 231.842000 25064
24 468.194000 230.160000 22161
25 468.236000 228.671000 19599
26 469.345000 227.555000 16931
27 464.524000 226.425000 14960
28 464.251000 225.400000 13269
29 464.979000 224.598000 11556
30 656.838000 223.836000 10190
31 827.027000 230.863000 21697
32 760.178000 234.498000 23542
33 840.131000 241.858000 32378
34 827.721000 246.751000 34068
35 830.095000 251.044000 34138
36 825.177000 254.445000 32406
37 1311.777000 257.741000 30896
38 827.588000 260.659000 29007
39 827.891000 263.184000 26807
40 827.436000 265.388000 24512
41 832.860000 267.344000 22295
42 827.887000 269.029000 20093
43 827.525000 270.498000 18007
44 827.627000 271.819000 16147
45 827.726000 272.968000 14409
46 827.799000 273.952000 12775
47 827.689000 274.862000 11400
48 827.160000 275.547000 9920
49 828.427000 272.761000 10306
50 827.210000 273.738000 9683
51 828.052000 274.660000 9107
52 827.577000 275.401000 8312
53 827.747000 276.085000 7602
54 827.249000 276.658000 6848
55 828.031000 277.223000 6266
56 827.456000 277.654000 5562
57 827.598000 278.048000 4959
58 827.950000 278.407000 4438
59 827.246000 278.762000 4037
60 827.861000 279.112000 3728
61 827.972000 279.337000 3246
62 1077.141000 279.491000 2742
63 827.760000 279.686000 2448
64 827.806000 279.848000 2160
65 827.596000 279.958000 1839
66 827.477000 280.041000 1546
67 827.722000 280.110000 1296
68 815.676000 280.207000 1168
69 827.575000 280.320000 1102
70 828.042000 280.388000 962
71 827.340000 280.444000 833
72 827.821000 280.507000 752
73 833.683000 279.348000 1018
74 827.500000 279.534000 1134
75 830.803000 279.754000 1291
76 827.817000 279.899000 1258
77 827.596000 280.006000 1157
78 827.708000 280.116000 1088
79 812.543000 278.243000 1522
80 827.078000 278.487000 1630
81 827.794000 278.775000 1799
82 827.524000 279.035000 1867
83 827.367000 279.259000 1849
84 828.184000 279.522000 1913
85 827.609000 279.673000 1737
86 827.605000 279.809000 1575
87 827.987000 279.956000 1475
88 827.287000 280.036000 1266
89 828.629000 280.154000 1186
90 720.702000 277.022000 1932
91 604.481000 268.330000 4045
92 547.657000 260.697000 5827
93 514.807000 254.283000 7248
94 497.409000 248.762000 8402
95 477.455000 243.548000 9443
96 468.066000 239.159000 10245
97 461.769000 235.485000 10843
98 454.134000 232.012000 11372
99 447.956000 228.959000 11780
100 446.138000 226.465000 12035
101 443.921000 224.152000 12237
102 444.256000 222.386000 12296
103 440.013000 220.564000 12367
104 437.375000 218.874000 12403
105 437.277000 217.418000 12214
106 438.536000 216.404000 11189
107 434.745000 215.551000 10097
108 433.181000 214.590000 9495
109 433.902000 214.007000 8287
110 433.222000 213.136000 7958
111 433.229000 212.585000 7069
112 433.059000 212.057000 6358
113 433.695000 211.715000 5452
114 435.057000 211.304000 4913
115 431.124000 210.821000 4649
116 433.210000 210.655000 3819
117 434.331000 210.310000 3555
118 433.072000 210.111000 3065
119 431.825000 209.805000 2909
120 432.296000 209.738000 2317
121 433.015000 209.574000 2065
122 551.525000 209.271000 2076
123 813.383000 218.226000 19466
124 827.397000 226.041000 30231
125 827.750000 232.926000 36442
126 827.819000 238.937000 39355
127 827.734000 244.201000 40043
128 827.867000 248.794000 39218
129 829.693000 252.794000 37414
130 825.902000 256.067000 34607
131 827.360000 259.126000 32072
132 1308.269000 261.844000 29491
133 701.961000 256.828000 29823
134 613.574000 252.117000 30069
135 564.526000 247.708000 30231
136 527.348000 243.591000 30316
137 501.901000 239.482000 30395
138 486.892000 235.955000 29852
139 477.069000 232.815000 28668
140 468.665000 230.253000 26625
141 461.539000 227.881000 24712
142 455.654000 225.877000 22543
143 451.727000 224.013000 20634
144 445.035000 222.131000 19241
145 443.655000 220.510000 17672
146 441.873000 219.040000 16195
147 441.916000 217.629000 14967
148 440.325000 216.516000 13452
149 440.722000 215.609000 11903
150 439.831000 214.753000 10638
151 437.967000 213.728000 10030
152 438.383000 212.960000 9059
153 437.424000 212.348000 8016
154 435.085000 211.710000 7288
155 433.607000 211.075000 6738
156 435.477000 210.739000 5726
157 435.601000 210.520000 4732
158 431.214000 210.112000 4365
159 431.912000 209.873000 3750
160 432.901000 209.726000 3108
161 431.321000 209.552000 2679
162 431.260000 209.275000 2564
163 431.674000 208.905000 2576
164 433.283000 208.761000 2221
165 432.685000 208.773000 1690
166 433.314000 208.699000 1416
167 432.835000 208.668000 1124
168 433.030000 208.524000 1125
169 432.317000 208.455000 982
170 430.700000 208.340000 965
171 433.670000 208.455000 953
172 431.874000 208.558000 922
173 434.135000 208.767000 1108
174 430.740000 208.661000 1042
175 430.956000 208.603000 897
176 432.412000 208.543000 793
177 432.809000 208.531000 620
178 431.012000 208.355000 644
179 433.246000 208.313000 566
180 433.594000 208.342000 483
181 430.858000 208.199000 503
182 430.402000 208.175000 425
183 431.837000 208.139000 392
184 431.282000 208.171000 358
185 430.901000 208.169000 272
186 430.705000 208.145000 254
187 431.736000 208.138000 204
188 429.185000 207.948000 245
189 432.009000 208.087000 462
190 429.186000 208.048000 424
191 627.183000 208.228000 677
192 432.825000 208.183000 598
193 434.057000 208.278000 639
194 430.088000 208.338000 598
195 427.339000 208.221000 609
196 429.699000 208.339000 692
197 428.008000 208.282000 633
198 428.332000 208.386000 684
199 428.106000 208.376000 533
200 429.859000 208.349000 453
[FINAL]:
Client Throughput=1.668986 Byte/s
AverageUPL=490.392000
    AverageRTT=217.367000
    tcpi_retransmits=0
    tcpi_rto=412000
    tcpi_lost=0
    tcpi_retrans=0
    tcpi_snd_cwnd=18
    tcpi_snd_ssthresh=2147483647
    tcpi_total_retrans=0
1 846.057000 400.515000 214225
2 352.250000 376.384000 208932
3 329.917000 355.237000 198993
4 320.769000 336.816000 186086
5 320.687000 320.743000 171712
6 317.206000 306.580000 157108
7 317.459000 294.225000 142541
8 317.467000 283.633000 128090
9 314.495000 274.267000 114801
10 317.250000 266.034000 102565
11 315.058000 258.923000 91147
12 315.530000 252.618000 80970
13 317.782000 247.150000 71663
14 316.543000 242.296000 63455
15 316.769000 238.107000 55970
16 316.454000 234.398000 49394
17 316.072000 231.220000 43404
18 315.664000 228.283000 38425
19 315.763000 225.717000 33952
20 316.424000 223.565000 29768
21 316.290000 221.712000 26031
22 315.305000 220.011000 22926
23 316.600000 218.582000 20052
24 315.478000 217.337000 17529
25 316.468000 216.127000 15566
26 315.772000 215.111000 13707
27 315.862000 214.239000 12025
28 314.534000 213.453000 10590
29 315.359000 212.714000 9421
30 315.568000 212.143000 8208
31 315.076000 211.710000 7022
32 313.882000 211.150000 6386
33 314.642000 210.656000 5778
34 315.511000 210.339000 4967
35 315.450000 209.978000 4447
36 316.005000 209.776000 3740
37 315.694000 209.551000 3254
38 315.273000 209.300000 2943
39 315.521000 209.126000 2556
40 315.501000 208.960000 2248
41 315.575000 208.831000 1944
42 315.987000 208.756000 1609
43 315.650000 208.662000 1394
44 315.032000 208.496000 1379
45 315.620000 208.445000 1135
46 315.331000 208.352000 1037
47 315.297000 208.254000 974
48 314.112000 208.051000 995
49 314.863000 207.953000 941
50 315.595000 207.962000 723
51 315.335000 207.969000 557
52 315.088000 207.996000 472
53 314.261000 208.033000 428
54 314.417000 207.941000 438
55 313.552000 207.745000 473
56 313.440000 207.617000 490
57 315.503000 207.658000 450
58 315.288000 207.664000 348
59 315.769000 207.732000 397
60 317.274000 207.778000 390
61 315.405000 207.789000 315
62 314.525000 207.721000 322
63 315.814000 207.783000 366
64 315.212000 207.775000 292
65 315.959000 207.804000 277
66 315.950000 207.874000 348
67 315.834000 207.923000 359
68 315.629000 207.966000 354
69 315.658000 207.985000 305
70 314.565000 207.877000 322
71 315.898000 207.825000 325
72 314.135000 207.849000 292
73 314.847000 207.957000 435
74 314.663000 207.895000 437
75 315.087000 207.938000 413
76 315.583000 207.933000 318
77 315.660000 207.969000 310
78 314.734000 207.867000 326
79 315.849000 207.919000 348
80 315.452000 207.913000 274
81 812.188000 215.087000 14555
82 827.402000 223.306000 27354
83 828.323000 230.520000 34944
84 827.037000 236.737000 38640
85 819.367000 242.267000 40040
86 830.221000 247.063000 39623
87 824.698000 250.950000 37492
88 828.082000 254.738000 35694
89 827.827000 257.994000 33284
90 811.744000 260.818000 30609
91 827.784000 263.330000 27981
92 812.079000 265.582000 25490
93 827.746000 267.510000 22973
94 827.326000 269.145000 20501
95 827.649000 270.603000 18290
96 824.952000 271.574000 15660
97 828.694000 272.773000 14144
98 1076.760000 273.666000 12394
99 827.790000 274.559000 11081
100 827.450000 275.338000 9870
101 827.763000 276.050000 8825
102 854.058000 275.544000 7631
103 827.196000 276.236000 7109
104 823.503000 276.802000 6462
105 827.580000 277.298000 5839
106 827.563000 277.768000 5320
107 828.094000 278.200000 4853
108 827.426000 278.501000 4242
109 827.764000 278.795000 3770
110 822.185000 278.362000 3694
111 829.629000 278.669000 3385
112 825.734000 278.665000 2548
113 827.338000 278.882000 2346
114 765.221000 279.226000 2446
115 667.058000 271.567000 4284
116 601.449000 265.453000 5679
117 557.935000 259.547000 6978
118 528.464000 254.600000 7996
119 511.175000 250.063000 8880
120 501.740000 246.386000 9522
121 486.100000 242.671000 10153
122 486.160000 239.909000 10527
123 478.564000 237.238000 10865
124 463.445000 234.161000 11295
125 460.108000 231.075000 11714
126 449.554000 228.379000 12021
127 448.576000 225.946000 12254
128 448.300000 223.982000 12362
129 443.737000 221.929000 12489
130 443.829000 220.406000 12412
131 441.753000 218.962000 12196
132 439.931000 217.655000 11762
133 438.780000 216.661000 10810
134 437.505000 215.586000 10256
135 434.265000 214.512000 9840
136 434.511000 213.668000 9068
137 433.944000 213.058000 8022
138 431.486000 212.308000 7516
139 435.026000 212.256000 5742
140 432.615000 211.689000 5439
141 432.022000 211.225000 5008
142 433.038000 211.113000 3979
143 429.904000 210.610000 3981
144 431.813000 210.298000 3609
145 432.138000 209.996000 3311
146 431.402000 209.718000 3039
147 433.074000 209.490000 2736
148 432.445000 209.375000 2281
149 431.291000 209.348000 1765
150 430.287000 209.181000 1658
151 431.475000 209.037000 1532
152 431.035000 209.013000 1196
153 431.251000 209.082000 1034
154 432.088000 209.003000 933
155 431.906000 208.845000 944
156 431.164000 208.852000 722
157 432.464000 208.868000 572
158 432.418000 208.670000 604
159 432.334000 208.564000 611
160 432.347000 208.770000 870
161 431.034000 208.651000 872
162 432.837000 208.526000 876
163 433.218000 208.417000 874
164 433.782000 208.422000 666
165 432.807000 208.614000 882
166 433.395000 208.622000 679
167 430.882000 208.510000 686
168 628.427000 208.388000 695
169 432.071000 208.345000 608
170 432.509000 208.294000 557
171 432.493000 208.383000 597
172 432.949000 208.205000 623
173 431.462000 208.135000 608
174 431.548000 208.180000 546
175 433.389000 208.230000 511
176 433.666000 208.327000 576
177 431.590000 208.429000 637
178 601.721000 208.542000 702
179 828.972000 217.588000 18620
180 854.582000 225.353000 29494
181 827.902000 232.319000 36053
182 827.579000 238.371000 39143
183 839.904000 243.705000 40025
184 827.418000 248.316000 39241
185 827.827000 252.407000 37613
186 1311.622000 255.923000 35243
187 827.714000 259.018000 32622
188 805.665000 261.736000 29902
189 827.244000 264.112000 27178
190 820.087000 266.258000 24677
191 827.893000 268.098000 22186
192 827.567000 269.733000 19911
193 827.654000 271.117000 17700
194 810.962000 268.244000 17865
195 827.270000 269.781000 16471
196 827.669000 271.491000 15774
197 827.768000 272.687000 14223
198 827.253000 273.687000 12667
199 828.572000 274.610000 11346
200 827.059000 273.348000 11033
[FINAL]:
Client Throughput=1.960991 Byte/s
AverageUPL=593.489000
    AverageRTT=235.068000
    tcpi_retransmits=0
    tcpi_rto=476000
    tcpi_lost=0
    tcpi_retrans=0
    tcpi_snd_cwnd=18
    tcpi_snd_ssthresh=2147483647
    tcpi_total_retrans=0
1 935.570000 478.526000 247104
2 530.681000 453.799000 234783
3 468.321000 430.518000 222648
4 515.465000 411.808000 204407
5 486.490000 395.452000 186018
6 512.600000 380.800000 168816
7 484.172000 368.315000 151583
8 484.147000 357.389000 135539
9 514.944000 347.766000 120901
10 484.011000 339.380000 107447
11 499.419000 332.034000 95277
12 499.851000 325.640000 84246
13 499.441000 320.015000 74435
14 454.810000 315.361000 65135
15 515.165000 310.995000 57581
16 484.080000 307.217000 50744
17 515.008000 303.907000 44677
18 484.302000 301.017000 39287
19 483.600000 298.507000 34485
20 530.941000 296.301000 30276
21 515.123000 294.360000 26590
22 484.755000 292.689000 23284
23 468.058000 291.120000 20602
24 499.192000 289.784000 18123
25 484.853000 288.674000 15812
26 483.426000 287.576000 14055
27 454.856000 286.682000 12329
28 502.800000 284.310000 12537
29 467.994000 283.793000 10436
30 483.959000 281.444000 10697
31 468.528000 281.335000 8240
32 499.220000 281.219000 6413
33 484.258000 281.168000 4912
34 487.662000 281.506000 4360
35 499.420000 281.375000 3533
36 483.560000 281.241000 2917
37 499.543000 281.177000 2315
38 515.258000 281.230000 1841
39 515.342000 281.168000 1505
40 468.631000 281.103000 1258
41 499.571000 281.025000 1100
42 499.325000 280.975000 926
43 484.255000 280.922000 799
44 499.613000 280.947000 648
45 514.850000 280.990000 574
46 468.765000 281.007000 464
47 483.509000 280.959000 444
48 500.010000 280.968000 351
49 484.152000 280.935000 328
50 483.779000 280.877000 332
51 530.964000 280.910000 316
52 499.210000 280.830000 326
53 484.004000 280.823000 259
54 515.244000 280.793000 255
55 399.473000 278.840000 735
56 515.227000 279.048000 967
57 531.517000 279.257000 1144
58 499.829000 279.367000 1077
59 498.979000 279.477000 1027
60 517.210000 279.608000 1032
61 497.648000 279.495000 1000
62 530.875000 279.597000 953
63 483.886000 279.696000 912
64 499.391000 279.810000 913
65 483.963000 280.024000 1113
66 484.314000 280.121000 1029
67 500.235000 280.183000 896
68 483.310000 280.159000 722
69 483.821000 280.202000 627
70 484.055000 280.249000 565
71 546.298000 280.309000 543
72 483.828000 280.364000 517
73 500.052000 280.424000 508
74 515.162000 280.439000 411
75 515.136000 280.441000 313
76 468.544000 280.475000 303
77 515.386000 280.507000 290
78 484.258000 280.475000 281
79 514.372000 280.424000 284
80 495.595000 280.498000 362
81 499.475000 280.692000 659
82 515.232000 280.733000 576
83 562.369000 280.750000 466
84 484.086000 280.786000 421
85 484.230000 280.787000 318
86 499.515000 280.741000 319
87 468.504000 280.720000 281
88 530.579000 280.697000 259
89 468.417000 280.705000 210
90 516.061000 280.695000 177
91 498.647000 280.600000 196
92 499.797000 280.622000 191
93 484.234000 280.646000 192
94 499.503000 280.646000 145
95 500.270000 280.897000 611
96 462.717000 278.219000 1261
97 499.670000 278.536000 1581
98 499.215000 278.795000 1704
99 485.422000 279.084000 1855
100 483.092000 279.167000 1558
101 499.108000 279.291000 1416
102 515.403000 279.472000 1423
103 515.195000 279.596000 1316
104 514.936000 279.718000 1231
105 515.370000 279.848000 1183
106 483.831000 279.963000 1118
107 499.665000 280.087000 1087
108 515.151000 280.180000 1000
109 561.995000 280.260000 910
110 562.216000 280.365000 893
111 546.825000 280.442000 823
112 515.521000 280.487000 708
113 530.595000 280.490000 536
114 483.933000 280.525000 472
115 515.217000 280.544000 392
116 499.640000 280.580000 367
117 530.729000 280.575000 285
118 488.537000 281.196000 1455
119 483.902000 281.138000 1207
120 499.791000 281.099000 984
121 499.411000 281.035000 865
122 499.642000 280.993000 733
123 452.867000 280.969000 597
124 499.444000 280.918000 551
125 484.069000 280.916000 418
126 499.701000 280.896000 352
127 468.414000 280.853000 351
128 530.526000 280.785000 357
129 499.563000 280.777000 283
130 499.797000 280.778000 213
131 483.790000 280.769000 176
132 489.773000 280.761000 149
133 484.000000 280.742000 149
134 499.295000 280.719000 150
135 484.417000 280.745000 165
136 448.311000 278.228000 789
137 499.710000 278.553000 1241
138 483.985000 278.979000 1784
139 483.800000 279.166000 1711
140 499.454000 279.348000 1647
141 530.983000 279.522000 1584
142 514.956000 279.675000 1493
143 499.805000 281.017000 3804
144 483.881000 281.010000 2866
145 530.933000 280.938000 2294
146 504.075000 280.923000 1751
147 545.320000 282.454000 4375
148 482.084000 282.036000 4116
149 499.540000 281.885000 3390
150 484.869000 281.767000 2778
151 498.910000 281.549000 2520
152 515.175000 281.445000 2098
153 484.034000 281.403000 1656
154 347.577000 278.343000 2369
155 225.911000 269.526000 4500
156 225.009000 261.798000 6291
157 249.465000 255.186000 7747
158 240.608000 249.463000 8936
159 239.146000 244.272000 9954
160 239.787000 240.001000 10711
161 236.993000 235.933000 11393
162 248.906000 232.740000 11835
163 241.455000 229.908000 12173
164 239.560000 227.434000 12411
165 238.345000 224.956000 12643
166 250.614000 222.927000 12755
167 230.070000 221.016000 12834
168 231.725000 219.386000 12840
169 231.357000 218.052000 12300
170 231.352000 216.742000 11844
171 231.077000 215.725000 10917
172 232.621000 214.867000 9905
173 255.057000 213.976000 9209
174 248.829000 213.266000 8327
175 254.067000 212.605000 7567
176 231.088000 211.921000 7043
177 231.109000 211.512000 6101
178 229.385000 211.146000 5307
179 236.107000 210.568000 5137
180 227.583000 210.109000 4772
181 228.347000 209.890000 4015
182 246.163000 209.544000 3705
183 227.210000 209.148000 3570
184 247.550000 208.900000 3173
185 229.511000 208.867000 2446
186 227.953000 208.799000 1971
187 228.456000 208.805000 1491
188 233.566000 208.730000 1268
189 227.239000 208.737000 966
190 229.927000 208.799000 848
191 227.089000 208.640000 861
192 237.876000 208.551000 823
193 246.477000 208.551000 617
194 227.693000 208.456000 622
195 227.952000 208.499000 551
196 228.622000 208.563000 541
197 240.471000 208.703000 687
198 226.599000 208.527000 710
199 228.131000 208.534000 546
200 226.730000 208.418000 558
[FINAL]:
Client Throughput=2.276940 Byte/s
AverageUPL=378.104000
    AverageRTT=252.174000
    tcpi_retransmits=0
    tcpi_rto=412000
    tcpi_lost=0
    tcpi_retrans=0
    tcpi_snd_cwnd=10
    tcpi_snd_ssthresh=2147483647
    tcpi_total_retrans=0
1 633.108000 400.752000 214200
2 228.807000 376.695000 208764
3 229.279000 355.718000 198527
4 226.604000 337.159000 186014
5 227.976000 321.205000 171418
6 228.607000 307.180000 156614
7 229.038000 294.775000 142270
8 225.869000 283.731000 128790
9 228.500000 274.406000 115243
10 227.590000 266.139000 102967
11 238.237000 258.680000 92143
12 228.912000 252.406000 81655
13 243.806000 246.795000 72462
14 227.898000 242.021000 63895
15 243.827000 237.566000 56831
16 229.967000 233.918000 49920
17 226.889000 230.598000 44079
18 229.914000 227.959000 38338
19 240.722000 225.607000 33457
20 226.221000 223.255000 29797
21 227.271000 221.344000 26169
22 233.756000 219.590000 23135
23 243.934000 218.065000 20403
24 245.261000 216.612000 18207
25 245.144000 215.327000 16225
26 246.010000 214.169000 14485
27 228.546000 213.302000 12598
28 228.627000 212.723000 10607
29 234.440000 212.199000 9004
30 228.583000 211.531000 8089
31 228.156000 211.136000 6856
32 228.576000 210.865000 5684
33 227.303000 210.664000 4664
34 227.769000 210.471000 3884
35 229.471000 210.217000 3421
36 229.138000 209.966000 3069
37 229.269000 209.902000 2428
38 227.228000 209.588000 2431
39 227.645000 209.469000 2061
40 234.047000 209.232000 2020
41 227.503000 209.041000 1898
42 227.496000 209.001000 1502
43 227.013000 208.899000 1331
44 229.737000 208.881000 1033
45 227.789000 208.767000 1003
46 230.703000 208.765000 756
47 227.520000 208.640000 764
48 227.917000 208.562000 728
49 242.743000 208.449000 734
50 227.625000 208.374000 700
51 226.954000 208.478000 733
52 228.107000 208.463000 581
53 229.679000 208.523000 557
54 228.797000 208.585000 542
55 228.522000 208.602000 440
56 229.006000 208.542000 441
57 228.733000 208.602000 451
58 246.256000 208.507000 460
59 226.875000 208.463000 434
60 227.795000 208.400000 436
61 227.900000 208.364000 398
62 226.757000 208.336000 354
63 227.755000 208.412000 417
64 227.948000 208.377000 384
65 225.789000 208.323000 386
66 227.508000 208.362000 367
67 228.706000 208.403000 357
68 228.750000 208.462000 386
69 228.236000 208.325000 408
70 226.747000 208.286000 384
71 226.628000 208.379000 473
72 237.036000 208.100000 528
73 227.866000 208.221000 638
74 229.509000 208.197000 528
75 228.729000 208.222000 445
76 233.221000 208.004000 486
77 229.646000 208.140000 638
78 228.643000 208.017000 649
79 228.768000 208.063000 578
80 228.588000 208.091000 489
81 246.573000 207.830000 539
82 229.007000 207.940000 623
83 225.264000 207.999000 584
84 228.259000 208.014000 469
85 237.701000 208.017000 357
86 225.760000 207.812000 397
87 228.795000 207.891000 456
88 227.320000 207.784000 468
89 224.905000 207.958000 698
90 242.881000 207.985000 579
91 228.178000 208.105000 673
92 228.103000 208.052000 610
93 230.365000 208.126000 605
94 228.625000 208.166000 534
95 227.409000 208.158000 418
96 226.597000 208.193000 384
97 228.089000 208.100000 395
98 229.672000 208.111000 319
99 228.024000 208.056000 322
100 228.107000 208.022000 310
101 227.555000 207.928000 324
102 227.295000 208.220000 826
103 230.408000 208.295000 770
104 230.059000 208.018000 815
105 227.111000 207.998000 652
106 226.996000 207.837000 672
107 230.223000 207.779000 620
108 229.330000 207.754000 516
109 227.948000 207.889000 657
110 227.068000 207.895000 505
111 227.069000 207.883000 403
112 229.445000 208.029000 594
113 245.172000 207.895000 609
114 229.431000 208.055000 777
115 227.520000 208.095000 662
116 228.927000 208.294000 896
117 239.093000 208.243000 775
118 229.963000 208.404000 903
119 227.252000 208.369000 747
120 225.212000 208.359000 580
121 229.144000 208.417000 550
122 246.275000 208.142000 602
123 229.712000 208.151000 469
124 226.125000 208.038000 483
125 228.906000 208.135000 556
126 227.534000 208.024000 566
127 228.993000 208.249000 875
128 231.865000 208.215000 723
129 228.440000 208.199000 576
130 228.547000 208.190000 449
131 241.772000 208.170000 377
132 228.694000 208.184000 312
133 228.867000 208.220000 304
134 227.325000 208.062000 334
135 227.146000 208.052000 272
136 227.425000 208.094000 287
137 228.927000 208.155000 337
138 244.982000 207.999000 366
139 243.237000 207.641000 444
140 247.254000 207.529000 458
141 245.916000 207.565000 415
142 244.617000 207.582000 346
143 246.939000 207.583000 261
144 232.594000 207.699000 427
145 230.232000 207.968000 859
146 228.676000 208.016000 740
147 230.151000 208.285000 1094
148 228.550000 208.438000 1125
149 243.916000 208.292000 1126
150 228.439000 208.441000 1140
151 228.673000 208.473000 921
152 228.127000 208.433000 772
153 234.484000 208.379000 687
154 228.329000 208.223000 704
155 247.768000 210.904000 5890
156 227.872000 210.529000 5167
157 228.028000 210.220000 4493
158 243.540000 209.809000 4192
159 227.981000 209.559000 3645
160 228.418000 209.424000 3004
161 226.710000 209.221000 2657
162 234.413000 209.064000 2307
163 227.606000 209.026000 1806
164 226.979000 208.897000 1613
165 228.817000 208.893000 1217
166 227.075000 208.783000 1133
167 243.917000 208.741000 934
168 227.880000 208.741000 701
169 227.370000 208.840000 723
170 228.822000 208.853000 567
171 228.609000 208.838000 455
172 239.486000 209.054000 773
173 227.147000 208.964000 760
174 228.334000 208.892000 715
175 228.662000 208.868000 584
176 236.921000 208.899000 501
177 243.369000 208.768000 518
178 228.967000 208.796000 445
179 229.360000 208.870000 482
180 227.815000 208.761000 494
181 228.514000 208.736000 420
182 228.980000 208.715000 356
183 238.622000 208.453000 411
184 227.178000 208.558000 518
185 230.869000 208.578000 429
186 228.678000 208.723000 612
187 228.266000 208.658000 590
188 229.328000 208.724000 574
189 227.259000 208.691000 497
190 415.195000 208.648000 458
191 483.878000 217.662000 18373
192 546.708000 225.577000 29608
193 247.751000 225.079000 23202
194 480.052000 229.630000 26504
195 500.060000 236.083000 32784
196 483.804000 241.651000 35724
197 515.289000 246.538000 36567
198 500.358000 250.819000 35986
199 530.127000 254.456000 34263
200 483.852000 255.757000 28301
[FINAL]:
Client Throughput=4.056662 Byte/s
AverageUPL=258.005000
    AverageRTT=211.444000
    tcpi_retransmits=0
    tcpi_rto=456000
    tcpi_lost=0
    tcpi_retrans=0
    tcpi_snd_cwnd=10
    tcpi_snd_ssthresh=2147483647
    tcpi_total_retrans=0
1 669.600000 407.112000 217357
2 275.611000 382.917000 211409
3 260.781000 361.632000 201126
4 261.938000 343.158000 187792
5 257.716000 326.815000 173531
6 271.663000 312.844000 158090
7 262.316000 300.510000 143234
8 262.628000 289.754000 128939
9 232.938000 279.501000 117210
10 231.739000 270.592000 105725
11 236.232000 262.589000 95301
12 234.176000 255.830000 84993
13 232.713000 249.982000 75440
14 233.109000 244.693000 67158
15 243.542000 240.115000 59525
16 230.535000 235.961000 52951
17 230.116000 232.407000 46823
18 229.605000 229.398000 41135
19 229.666000 226.632000 36384
20 229.419000 224.156000 32240
21 229.320000 221.978000 28535
22 228.389000 220.299000 24758
23 229.382000 218.804000 21560
24 228.843000 217.523000 18731
25 235.507000 216.357000 16380
26 228.218000 215.360000 14280
27 229.162000 214.457000 12516
28 229.028000 213.659000 10984
29 231.293000 212.804000 9946
30 227.240000 212.147000 8773
31 228.200000 211.691000 7493
32 228.705000 211.042000 6918
33 230.199000 210.781000 5710
34 229.142000 210.442000 4961
35 228.919000 210.131000 4343
36 232.652000 209.882000 3754
37 228.091000 209.497000 3586
38 246.308000 209.165000 3353
39 228.847000 208.996000 2853
40 228.728000 208.841000 2450
41 229.545000 208.802000 1916
42 236.261000 208.671000 1698
43 225.978000 208.404000 1712
44 228.277000 208.315000 1462
45 229.758000 208.271000 1185
46 227.674000 208.246000 937
47 246.542000 208.045000 958
48 228.660000 208.070000 768
49 228.250000 208.159000 755
50 227.470000 208.019000 766
51 238.206000 208.018000 576
52 236.602000 208.316000 1028
53 227.020000 208.231000 941
54 228.641000 208.233000 709
55 227.785000 208.122000 715
56 240.749000 207.997000 724
57 229.700000 208.116000 780
58 227.261000 208.107000 603
59 227.818000 208.123000 484
60 227.588000 208.006000 498
61 227.384000 208.009000 380
62 227.840000 208.080000 426
63 228.130000 208.171000 502
64 229.229000 208.260000 555
65 244.103000 208.232000 473
66 228.042000 208.156000 477
67 226.162000 207.993000 503
68 229.820000 207.999000 389
69 227.383000 207.997000 297
70 227.542000 207.891000 314
71 229.145000 208.137000 728
72 227.826000 208.035000 730
73 229.824000 208.050000 578
74 228.504000 208.029000 476
75 230.911000 208.029000 357
76 228.226000 208.002000 323
77 229.427000 207.974000 298
78 228.119000 208.070000 415
79 238.296000 207.800000 470
80 228.765000 207.865000 483
81 228.039000 207.840000 412
82 229.178000 207.970000 569
83 233.290000 207.959000 449
84 228.329000 208.101000 621
85 228.124000 208.171000 604
86 229.977000 208.180000 472
87 228.362000 208.291000 576
88 248.143000 208.120000 600
89 230.012000 208.140000 491
90 228.979000 208.490000 1068
91 227.459000 208.444000 894
92 239.845000 208.463000 709
93 227.855000 208.476000 557
94 229.456000 208.535000 536
95 244.793000 208.331000 570
96 228.806000 208.284000 522
97 245.231000 208.179000 532
98 227.793000 208.189000 420
99 227.197000 208.113000 426
100 229.963000 208.166000 426
101 240.216000 208.218000 424
102 228.666000 208.084000 444
103 229.687000 208.193000 551
104 476.173000 216.305000 16637
105 500.065000 224.357000 28582
106 499.750000 231.341000 35405
107 425.122000 237.440000 38751
108 460.022000 241.796000 37774
109 514.992000 246.634000 38007
110 499.765000 250.914000 37066
111 483.870000 254.649000 35270
112 484.131000 257.914000 32982
113 530.720000 260.750000 30409
114 273.510000 256.441000 30536
115 281.160000 251.504000 30816
116 280.742000 247.346000 30892
117 309.702000 243.910000 30040
118 285.369000 241.262000 27826
119 283.276000 238.697000 26000
120 282.262000 236.318000 24258
121 281.784000 233.821000 23189
122 236.684000 230.618000 23265
123 236.724000 227.801000 23083
124 236.792000 225.353000 22207
125 258.639000 223.094000 21174
126 230.452000 221.174000 19721
127 231.465000 219.622000 17894
128 231.094000 218.041000 16583
129 234.625000 216.744000 15031
130 230.060000 215.732000 13297
131 228.126000 214.756000 11925
132 227.932000 213.882000 10692
133 231.579000 212.916000 9951
134 247.508000 212.230000 8835
135 228.999000 211.638000 7810
136 229.683000 211.061000 7012
137 230.092000 210.610000 6161
138 237.797000 210.249000 5343
139 229.557000 210.074000 4357
140 228.313000 209.764000 3888
141 230.955000 209.511000 3422
142 228.853000 209.347000 2894
143 246.692000 208.938000 2906
144 230.327000 208.898000 2258
145 226.078000 208.791000 1908
146 227.349000 208.719000 1574
147 244.457000 208.409000 1602
148 229.635000 208.353000 1315
149 230.660000 208.438000 1157
150 227.821000 208.464000 918
151 228.498000 208.545000 851
152 245.247000 208.358000 871
153 228.274000 208.401000 739
154 232.539000 208.422000 596
155 226.658000 208.280000 613
156 238.100000 208.275000 471
157 224.476000 208.036000 515
158 226.065000 208.032000 395
159 229.330000 208.235000 703
160 228.353000 208.214000 569
161 246.146000 208.028000 598
162 227.498000 208.063000 519
163 229.623000 208.061000 393
164 228.829000 208.117000 408
165 228.198000 208.117000 308
166 229.615000 208.254000 505
167 227.709000 208.138000 518
168 227.525000 208.145000 402
169 229.154000 208.075000 407
170 232.582000 207.957000 424
171 227.618000 208.013000 430
172 229.660000 208.184000 665
173 228.678000 208.210000 551
174 228.541000 208.344000 680
175 227.985000 208.246000 683
176 228.968000 208.296000 612
177 229.813000 208.295000 460
178 228.369000 208.253000 428
179 227.992000 208.163000 437
180 228.317000 208.289000 580
181 228.136000 208.380000 617
182 227.656000 208.381000 464
183 228.150000 208.471000 527
184 247.735000 208.300000 553
185 229.815000 208.282000 452
186 227.126000 208.244000 414
187 227.651000 208.134000 429
188 235.844000 208.153000 359
189 235.587000 208.192000 347
190 225.531000 207.961000 394
191 227.996000 207.908000 394
192 228.781000 207.974000 427
193 246.899000 207.763000 467
194 227.794000 207.880000 585
195 226.394000 207.794000 589
196 227.467000 207.847000 547
197 240.253000 208.018000 754
198 231.067000 208.201000 931
199 230.688000 208.210000 715
200 224.999000 208.069000 728
[FINAL]:
Client Throughput=4.001445 Byte/s
AverageUPL=261.458000
    AverageRTT=216.073000
    tcpi_retransmits=0
    tcpi_rto=412000
    tcpi_lost=0
    tcpi_retrans=0
    tcpi_snd_cwnd=10
    tcpi_snd_ssthresh=2147483647
    tcpi_total_retrans=0
1 635.299000 401.732000 214676
2 225.624000 377.462000 209548
3 226.153000 356.182000 199721
4 227.244000 337.762000 186630
5 230.609000 321.559000 172378
6 228.336000 307.379000 157643
7 228.987000 295.076000 142838
8 242.997000 284.287000 128708
9 227.942000 274.883000 115339
10 227.680000 266.464000 103342
11 228.086000 259.161000 92112
12 227.782000 252.885000 81636
13 227.614000 247.214000 72569
14 229.585000 242.317000 64222
15 227.695000 237.970000 56861
16 239.047000 234.281000 50023
17 239.945000 231.021000 44037
18 228.990000 228.266000 38538
19 228.715000 225.803000 33828
20 227.621000 223.677000 29623
21 228.176000 221.798000 25975
22 227.942000 219.965000 23149
23 227.546000 218.458000 20375
24 227.153000 217.238000 17721
25 228.739000 216.199000 15369
26 226.848000 215.067000 13791
27 226.959000 214.083000 12311
28 227.433000 213.284000 10832
29 228.315000 212.566000 9560
30 229.151000 212.135000 8032
31 243.644000 211.449000 7395
32 227.012000 211.080000 6285
33 227.714000 210.685000 5504
34 229.242000 210.263000 4972
35 239.065000 210.102000 4051
36 229.227000 209.866000 3509
37 228.360000 209.580000 3204
38 228.759000 209.367000 2829
39 231.672000 209.390000 2168
40 243.722000 209.208000 1990
41 227.674000 209.060000 1788
42 227.989000 208.954000 1554
43 229.912000 208.968000 1194
44 227.181000 208.783000 1203
45 226.461000 208.671000 1126
46 228.781000 208.711000 926
47 227.519000 208.596000 925
48 228.009000 208.566000 754
49 240.201000 208.457000 757
50 226.449000 208.378000 726
51 228.362000 208.248000 736
52 227.742000 208.225000 597
53 227.373000 208.158000 582
54 227.734000 208.143000 466
55 227.421000 208.211000 484
56 226.671000 208.038000 512
57 228.762000 208.021000 418
58 228.437000 208.112000 496
59 227.530000 208.225000 597
60 227.141000 208.115000 606
61 227.919000 208.126000 476
62 228.347000 208.193000 492
63 240.740000 208.027000 518
64 228.086000 208.120000 575
65 227.133000 208.161000 513
66 242.115000 207.931000 554
67 232.123000 207.887000 504
68 228.618000 208.228000 1060
69 226.633000 208.148000 955
70 228.588000 208.181000 782
71 227.834000 208.118000 713
72 245.771000 207.957000 730
73 229.104000 208.073000 779
74 228.782000 207.959000 783
75 228.294000 207.963000 594
76 240.262000 207.894000 584
77 230.169000 207.825000 574
78 230.563000 207.817000 448
79 229.761000 207.716000 459
80 229.066000 207.699000 378
81 252.607000 207.621000 386
82 232.194000 207.843000 732
83 238.628000 207.662000 754
84 229.134000 207.795000 832
85 235.516000 207.836000 706
86 230.646000 207.862000 581
87 227.584000 207.800000 558
88 226.609000 207.770000 479
89 226.970000 207.796000 412
90 245.145000 207.714000 419
91 227.421000 207.804000 495
92 228.312000 207.842000 447
93 230.268000 207.977000 605
94 233.969000 207.978000 456
95 228.749000 207.958000 382
96 243.274000 207.991000 354
97 228.297000 208.046000 375
98 227.313000 208.001000 371
99 249.617000 207.825000 403
100 243.938000 207.690000 424
101 241.691000 207.709000 357
102 241.531000 207.568000 381
103 245.053000 207.463000 395
104 242.853000 207.617000 605
105 244.489000 207.689000 597
106 231.031000 207.741000 553
107 223.814000 207.813000 559
108 234.905000 207.693000 571
109 226.502000 207.715000 471
110 225.465000 207.735000 395
111 225.624000 207.764000 354
112 232.498000 207.851000 439
113 225.020000 207.782000 443
114 227.243000 207.873000 514
115 227.504000 208.004000 647
116 237.093000 208.002000 488
117 242.903000 208.106000 574
118 225.442000 208.057000 529
119 225.975000 207.960000 537
120 224.320000 208.045000 573
121 227.155000 208.109000 558
122 225.972000 208.100000 436
123 225.741000 208.082000 363
124 225.701000 208.074000 288
125 226.937000 208.083000 233
126 234.037000 207.968000 255
127 226.359000 207.936000 253
128 227.317000 208.025000 367
129 226.820000 208.043000 311
130 226.665000 208.028000 262
131 232.651000 208.121000 381
132 224.745000 208.133000 310
133 225.565000 208.235000 437
134 224.861000 208.336000 530
135 233.769000 208.376000 478
136 226.965000 208.372000 367
137 225.895000 208.358000 303
138 225.227000 208.249000 321
139 226.267000 208.274000 290
140 242.999000 208.226000 293
141 226.318000 208.155000 301
142 223.611000 208.117000 301
143 225.476000 207.966000 330
144 224.998000 207.789000 363
145 226.610000 207.782000 285
146 225.329000 207.753000 272
147 226.725000 207.780000 258
148 226.682000 207.789000 211
149 229.152000 207.769000 198
150 224.628000 207.899000 409
151 226.441000 207.886000 331
152 225.954000 207.912000 300
153 227.531000 207.868000 301
154 241.168000 208.022000 533
155 224.153000 207.929000 540
156 225.516000 207.914000 435
157 225.724000 207.902000 349
158 235.869000 207.778000 369
159 225.216000 207.627000 395
160 226.487000 207.665000 372
161 227.252000 207.641000 328
162 227.636000 207.690000 345
163 246.469000 207.628000 349
164 228.374000 207.797000 600
165 228.319000 207.793000 457
166 229.371000 207.916000 589
167 228.725000 207.940000 489
168 228.799000 207.978000 443
169 226.500000 207.821000 468
170 239.070000 207.749000 472
171 229.422000 207.842000 539
172 247.211000 207.986000 693
173 445.835000 214.239000 13027
174 499.020000 222.515000 26322
175 505.642000 229.877000 34465
176 515.043000 236.200000 38496
177 499.556000 241.830000 40131
178 499.449000 246.666000 39770
179 500.271000 250.911000 38318
180 483.467000 254.550000 36017
181 515.196000 257.811000 33533
182 483.857000 260.659000 30846
183 499.517000 263.167000 28150
184 468.599000 265.385000 25549
185 499.534000 267.283000 22959
186 468.448000 268.970000 20593
187 514.958000 270.521000 18546
188 499.936000 271.825000 16518
189 514.783000 272.908000 14554
190 499.790000 273.973000 13045
191 515.033000 274.833000 11505
192 484.554000 275.613000 10189
193 514.949000 276.238000 8892
194 484.182000 276.910000 8013
195 499.530000 277.380000 6948
196 499.622000 277.778000 6007
197 484.216000 278.141000 5232
198 515.065000 278.400000 4442
199 499.411000 278.667000 3866
200 483.831000 276.944000 4176
[FINAL]:
Client Throughput=3.704331 Byte/s
AverageUPL=304.366000
    AverageRTT=223.105000
    tcpi_retransmits=0
    tcpi_rto=480000
    tcpi_lost=0
    tcpi_retrans=0
    tcpi_snd_cwnd=10
    tcpi_snd_ssthresh=2147483647
    tcpi_total_retrans=0
1 665.569000 410.287000 219175
2 260.364000 385.510000 213935
3 261.685000 363.990000 203491
4 259.924000 345.274000 190050
5 263.325000 328.961000 175164
6 235.533000 314.332000 160630
7 231.316000 300.946000 147246
8 237.592000 289.362000 133602
9 231.877000 279.229000 120467
10 235.799000 270.134000 108540
11 229.964000 262.266000 97143
12 231.253000 255.535000 86318
13 230.037000 249.668000 76473
14 230.580000 244.434000 67822
15 227.383000 239.780000 60175
16 227.752000 235.772000 53147
17 230.698000 232.459000 46487
18 230.087000 229.512000 40759
19 241.255000 226.484000 36624
20 228.321000 224.236000 31964
21 228.947000 222.193000 28059
22 228.656000 220.497000 24437
23 232.431000 218.824000 21674
24 229.251000 217.586000 18731
25 229.837000 216.568000 16084
26 230.338000 215.447000 14305
27 237.924000 214.376000 12870
28 247.767000 213.476000 11454
29 228.596000 212.822000 9899
30 227.660000 212.135000 8798
31 229.322000 211.580000 7708
32 235.919000 211.443000 6055
33 228.522000 211.119000 5190
34 227.671000 210.750000 4629
35 226.202000 210.417000 4138
36 227.816000 210.155000 3627
37 241.853000 209.782000 3468
38 228.484000 209.770000 2624
39 227.642000 209.559000 2391
40 229.733000 209.503000 1905
41 231.638000 209.422000 1590
42 229.083000 209.303000 1430
43 227.724000 209.176000 1327
44 226.453000 209.023000 1302
45 227.863000 208.952000 1119
46 247.361000 208.874000 993
47 227.363000 208.759000 975
48 228.271000 208.904000 1021
49 227.294000 208.756000 1026
50 226.960000 208.600000 1033
51 226.701000 208.553000 869
52 231.350000 208.537000 684
53 226.560000 208.348000 709
54 227.182000 208.395000 626
55 235.173000 208.425000 531
56 226.135000 208.156000 582
57 226.752000 208.056000 589
58 228.056000 208.101000 532
59 227.375000 208.196000 589
60 234.481000 208.020000 615
61 227.625000 208.030000 483
62 226.672000 207.925000 494
63 228.539000 207.918000 384
64 232.819000 208.009000 469
65 228.707000 208.016000 365
66 227.983000 208.074000 390
67 227.112000 207.994000 397
68 228.335000 208.099000 507
69 244.552000 207.923000 535
70 228.002000 208.000000 556
71 227.321000 207.981000 455
72 228.674000 208.119000 617
73 236.464000 208.100000 501
74 244.728000 207.947000 523
75 228.628000 208.152000 804
76 229.768000 208.173000 644
77 228.993000 208.238000 614
78 247.851000 208.142000 618
79 313.776000 208.223000 625
80 484.466000 217.252000 18528
81 498.973000 225.088000 29567
82 468.652000 232.034000 36067
83 483.734000 238.062000 39106
84 483.798000 243.395000 39996
85 515.500000 248.062000 39331
86 484.055000 252.124000 37621
87 488.062000 255.674000 35316
88 280.008000 251.347000 35141
89 288.300000 247.636000 33778
90 285.550000 244.077000 32452
91 286.476000 241.076000 30339
92 287.378000 238.548000 27810
93 287.562000 236.352000 25250
94 302.609000 233.876000 23890
95 281.859000 232.031000 21608
96 285.501000 230.394000 19480
97 285.575000 228.970000 17458
98 322.381000 227.915000 15203
99 273.893000 226.783000 13666
100 280.275000 225.629000 12557
101 282.865000 224.985000 10707
102 279.589000 224.432000 9135
103 284.408000 223.619000 8478
104 285.355000 223.005000 7587
105 252.711000 222.029000 7594
106 236.351000 220.428000 7757
107 236.198000 218.972000 7878
108 238.189000 217.718000 7946
109 237.949000 216.624000 7971
110 245.998000 215.609000 7975
111 236.397000 214.571000 7985
112 237.865000 213.879000 7373
113 236.730000 213.200000 6888
114 231.913000 212.560000 6446
115 232.221000 212.036000 5884
116 235.099000 211.612000 5259
117 233.231000 211.169000 4830
118 230.049000 210.753000 4455
119 231.147000 210.333000 4182
120 251.010000 210.072000 3659
121 230.152000 209.817000 3255
122 227.233000 209.540000 2995
123 229.103000 209.369000 2588
124 230.719000 209.262000 2154
125 240.759000 209.191000 1758
126 227.992000 208.935000 1767
127 230.469000 208.957000 1367
128 228.920000 208.689000 1391
129 228.607000 208.713000 1091
130 229.067000 208.792000 976
131 231.401000 208.834000 816
132 229.314000 208.783000 713
133 229.228000 208.731000 638
134 227.678000 208.791000 598
135 228.178000 208.763000 504
136 227.619000 208.650000 516
137 245.691000 208.522000 532
138 227.957000 208.481000 481
139 228.286000 208.324000 505
140 229.011000 208.302000 423
141 235.158000 208.115000 457
142 227.845000 208.112000 348
143 226.597000 207.930000 383
144 228.937000 207.934000 296
145 229.268000 207.954000 262
146 248.466000 207.799000 292
147 229.496000 207.837000 296
148 228.484000 207.963000 475
149 227.301000 207.903000 475
150 239.804000 207.917000 386
151 223.503000 207.845000 392
152 233.394000 207.833000 317
153 228.686000 207.831000 241
154 228.916000 207.839000 197
155 247.847000 207.787000 204
156 229.934000 207.798000 175
157 229.725000 207.920000 375
158 229.054000 207.971000 383
159 233.536000 207.969000 290
160 227.617000 207.966000 225
161 227.251000 207.931000 227
162 227.271000 207.919000 195
163 226.872000 207.844000 207
164 242.472000 207.731000 229
165 226.882000 207.680000 235
166 229.162000 208.062000 940
167 227.310000 208.030000 770
168 228.637000 208.191000 900
169 241.926000 208.104000 849
170 229.141000 208.153000 734
171 226.734000 208.152000 552
172 228.274000 208.094000 531
173 230.850000 208.209000 629
174 227.848000 208.232000 517
175 227.316000 208.310000 544
176 226.586000 208.148000 567
177 227.686000 208.119000 485
178 232.158000 208.101000 399
179 229.331000 208.034000 403
180 227.631000 208.181000 596
181 229.226000 208.211000 506
182 228.170000 208.270000 500
183 226.259000 208.190000 504
184 228.015000 208.339000 677
185 227.047000 208.380000 590
186 227.523000 208.481000 644
187 244.061000 208.213000 691
188 228.688000 208.095000 699
189 226.662000 208.077000 559
190 228.139000 208.145000 555
191 242.867000 207.896000 600
192 227.475000 207.910000 478
193 227.077000 207.854000 470
194 228.199000 207.954000 552
195 227.525000 207.966000 438
196 246.612000 207.909000 438
197 228.182000 207.984000 479
198 227.024000 208.053000 499
199 225.551000 207.950000 509
200 225.973000 207.797000 531
[FINAL]:
Client Throughput=4.002053 Byte/s
AverageUPL=233.678000
    AverageRTT=209.861000
    tcpi_retransmits=0
    tcpi_rto=408000
    tcpi_lost=0
    tcpi_retrans=0
    tcpi_snd_cwnd=10
    tcpi_snd_ssthresh=2147483647
    tcpi_total_retrans=0
