1 862.733000 404.155000 216125
2 357.940000 379.745000 210914
3 332.893000 358.482000 200711
4 338.681000 340.542000 186414
5 324.320000 324.065000 172764
6 319.098000 309.492000 158720
7 318.465000 297.018000 143988
8 316.995000 285.939000 130148
9 317.654000 276.148000 117194
10 317.145000 267.610000 104970
11 316.850000 260.219000 93511
12 315.949000 253.611000 83348
13 315.767000 247.848000 74037
14 316.036000 242.855000 65515
15 316.097000 238.591000 57664
16 315.572000 234.795000 50840
17 315.648000 231.489000 44742
18 315.015000 228.522000 39489
19 315.189000 225.942000 34778
20 315.216000 223.685000 30597
21 315.964000 221.786000 26746
22 314.988000 219.965000 23701
23 315.724000 218.459000 20789
24 315.354000 217.090000 18330
25 315.481000 215.946000 16035
26 316.170000 215.005000 13908
27 315.199000 213.959000 12523
28 315.796000 213.212000 10886
29 315.938000 212.578000 9433
30 316.205000 211.946000 8338
31 315.723000 211.437000 7272
32 316.214000 211.054000 6220
33 315.885000 210.676000 5420
34 316.147000 210.263000 4892
35 315.685000 210.007000 4181
36 315.253000 209.832000 3486
37 314.569000 209.489000 3300
38 314.725000 209.119000 3215
39 314.888000 209.028000 2593
40 315.037000 208.741000 2519
41 316.185000 208.708000 1955
42 314.673000 208.503000 1877
43 315.419000 208.444000 1525
44 315.976000 208.429000 1173
45 315.162000 208.312000 1114
46 315.672000 208.281000 899
47 314.994000 208.175000 886
48 315.799000 208.175000 665
49 315.385000 208.127000 593
50 316.279000 208.194000 578
51 315.353000 208.127000 568
52 315.292000 208.070000 540
53 315.075000 207.989000 543
54 315.833000 208.008000 445
55 315.495000 208.104000 525
56 315.922000 208.126000 438
57 315.921000 208.154000 386
58 314.851000 208.035000 403
59 315.461000 208.021000 331
60 316.122000 208.075000 357
61 315.148000 208.115000 347
62 314.303000 208.001000 365
63 314.198000 207.891000 381
64 315.848000 207.934000 372
65 315.845000 207.985000 381
66 317.345000 207.975000 306
67 315.699000 208.000000 279
68 315.061000 207.951000 282
69 315.353000 207.926000 262
70 315.963000 207.954000 252
71 316.062000 208.016000 313
72 315.770000 208.002000 262
73 315.839000 208.023000 239
74 315.159000 207.965000 246
75 315.698000 207.978000 211
76 315.560000 207.977000 160
77 316.169000 208.043000 252
78 315.718000 208.057000 217
79 315.467000 208.143000 334
80 315.364000 208.147000 259
81 315.711000 208.135000 217
82 315.603000 208.181000 254
83 314.753000 208.097000 267
84 315.157000 208.091000 211
85 315.021000 208.054000 214
86 315.368000 208.047000 174
87 315.628000 208.059000 155
88 314.826000 208.109000 217
89 314.616000 208.020000 233
90 315.838000 208.053000 240
91 315.344000 208.049000 187
92 314.430000 207.921000 213
93 314.664000 207.800000 237
94 315.098000 207.827000 233
95 314.855000 207.833000 186
96 314.917000 207.817000 172
97 315.702000 207.902000 299
98 314.205000 208.000000 420
99 315.170000 208.002000 320
100 315.042000 207.982000 280
101 315.204000 207.984000 214
102 315.757000 208.030000 252
103 315.165000 207.972000 259
104 314.896000 207.942000 255
105 313.902000 207.790000 285
106 314.683000 207.752000 285
107 315.917000 207.876000 461
108 315.232000 207.972000 538
109 315.082000 207.859000 550
110 315.339000 207.895000 485
111 315.636000 207.836000 483
112 313.947000 207.698000 502
113 314.769000 207.669000 434
114 314.423000 207.626000 411
115 315.628000 207.635000 325
116 315.221000 207.653000 281
117 315.928000 207.725000 354
118 315.985000 207.802000 420
119 315.444000 207.866000 442
120 316.205000 207.962000 523
121 314.848000 207.954000 408
122 314.481000 207.849000 421
123 315.220000 207.853000 325
124 314.207000 207.825000 300
125 314.851000 207.870000 314
126 314.321000 207.755000 333
127 314.950000 207.731000 298
128 315.335000 207.771000 303
129 314.992000 207.743000 284
130 315.578000 207.802000 332
131 314.805000 207.756000 333
132 314.751000 207.707000 335
133 316.016000 207.773000 382
134 315.558000 207.828000 397
135 316.812000 207.773000 398
136 315.117000 207.763000 320
137 315.823000 207.847000 408
138 314.126000 207.832000 336
139 314.683000 207.764000 342
140 315.107000 207.766000 261
141 315.478000 207.796000 256
142 315.251000 207.802000 205
143 314.230000 207.673000 231
144 315.347000 207.725000 277
145 316.031000 207.838000 434
146 315.320000 207.854000 357
147 314.651000 207.837000 302
148 314.290000 207.733000 319
149 701.968000 211.039000 6852
150 811.931000 220.008000 23077
151 827.538000 227.563000 32416
152 827.576000 234.183000 37554
153 827.153000 240.030000 39859
154 1077.824000 245.185000 40204
155 713.452000 243.749000 33025
156 612.136000 240.447000 31373
157 562.993000 237.811000 28801
158 534.623000 235.350000 26524
159 515.812000 233.330000 23933
160 497.103000 231.310000 21989
161 480.595000 228.992000 21128
162 467.389000 226.914000 20002
163 461.393000 225.052000 18726
164 456.336000 223.190000 17768
165 449.794000 221.606000 16495
166 447.788000 219.826000 15930
167 444.105000 218.591000 14417
168 440.349000 217.163000 13670
169 440.393000 215.999000 12581
170 440.510000 215.144000 11146
171 437.695000 214.299000 10049
172 436.195000 213.282000 9571
173 436.744000 212.653000 8435
174 435.572000 212.213000 7208
175 431.939000 211.551000 6728
176 433.757000 211.038000 6073
177 432.040000 210.580000 5470
178 434.533000 210.319000 4626
179 432.641000 210.008000 4091
180 433.982000 209.899000 3287
181 432.855000 209.800000 2663
182 431.553000 209.730000 2135
183 432.880000 209.553000 1956
184 431.186000 209.389000 1796
185 432.645000 209.349000 1427
186 431.115000 209.090000 1447
187 434.280000 209.152000 1209
188 428.583000 208.773000 1266
189 431.328000 208.615000 1266
190 432.437000 208.812000 1344
191 434.189000 208.768000 1096
192 434.672000 208.865000 1017
193 431.267000 208.754000 984
194 430.484000 208.517000 1013
195 430.705000 208.644000 1014
196 432.467000 208.586000 877
197 430.884000 208.824000 1133
198 431.481000 208.875000 952
199 430.490000 208.948000 859
200 428.505000 208.757000 880
[FINAL]:
Client Throughput=2.724677 Byte/s
AverageUPL=411.444000
    AverageRTT=212.828000
    tcpi_retransmits=0
    tcpi_rto=412000
    tcpi_lost=0
    tcpi_retrans=0
    tcpi_snd_cwnd=18
    tcpi_snd_ssthresh=2147483647
    tcpi_total_retrans=0
1 846.105000 398.243000 212713
2 351.364000 374.310000 207400
3 331.279000 353.494000 197182
4 320.127000 335.254000 184367
5 317.121000 319.267000 170249
6 315.903000 305.308000 155604
7 316.267000 293.135000 141050
8 316.365000 282.597000 126864
9 316.046000 273.239000 113863
10 317.385000 265.166000 101543
11 314.999000 258.313000 89863
12 316.275000 252.085000 79854
13 318.270000 246.724000 70613
14 316.922000 241.897000 62613
15 316.491000 237.727000 55300
16 316.069000 234.023000 48884
17 315.988000 230.735000 43238
18 315.664000 227.910000 38079
19 315.692000 225.354000 33670
20 315.450000 223.233000 29495
21 315.993000 221.344000 25899
22 315.415000 219.703000 22708
23 316.337000 218.274000 19888
24 315.423000 216.929000 17606
25 316.150000 215.808000 15447
26 315.094000 214.783000 13634
27 315.314000 213.950000 11891
28 315.938000 213.201000 10417
29 316.266000 212.566000 9083
30 314.568000 211.922000 8101
31 315.597000 211.404000 7111
32 315.771000 210.940000 6261
33 315.836000 210.650000 5277
34 315.830000 210.305000 4647
35 315.311000 210.033000 4030
36 314.600000 209.690000 3709
37 315.282000 209.504000 3152
38 315.591000 209.348000 2677
39 315.034000 209.158000 2387
40 315.523000 209.069000 1968
41 315.320000 208.869000 1877
42 316.937000 208.867000 1410
43 314.001000 208.523000 1452
44 315.615000 208.513000 1109
45 315.490000 208.487000 885
46 316.636000 208.495000 680
47 316.703000 208.584000 689
48 315.427000 208.489000 691
49 314.346000 208.320000 712
50 315.153000 208.251000 671
51 315.839000 208.202000 602
52 795.041000 215.115000 14278
53 827.420000 223.270000 27019
54 811.955000 230.454000 34632
55 812.024000 232.847000 30760
56 831.178000 239.301000 35979
57 827.404000 244.453000 37287
58 827.811000 248.988000 37036
59 827.600000 252.935000 35671
60 827.126000 256.387000 33656
61 813.556000 259.478000 31424
62 823.592000 261.115000 26842
63 701.893000 257.396000 26932
64 608.628000 252.841000 27229
65 563.599000 248.711000 27411
66 532.992000 245.198000 27432
67 516.207000 241.965000 27041
68 496.810000 238.473000 27068
69 480.858000 235.218000 26812
70 471.615000 232.082000 26381
71 469.085000 229.472000 25006
72 462.395000 227.270000 23158
73 458.982000 225.071000 21767
74 456.702000 223.308000 19851
75 457.206000 222.103000 17299
76 456.125000 220.926000 15327
77 452.576000 220.038000 13271
78 451.508000 219.160000 11710
79 448.914000 218.085000 10933
80 447.495000 217.551000 9267
81 441.722000 216.536000 8981
82 439.719000 215.640000 8528
83 438.248000 214.827000 8022
84 438.825000 214.358000 6955
85 436.598000 213.457000 6962
86 435.764000 212.831000 6473
87 432.936000 212.127000 6263
88 436.297000 211.719000 5514
89 434.762000 211.364000 4846
90 432.738000 210.963000 4436
91 433.127000 210.650000 3954
92 433.278000 210.214000 3837
93 431.513000 209.962000 3380
94 431.628000 209.765000 2930
95 430.925000 209.507000 2714
96 431.462000 209.175000 2698
97 430.845000 209.109000 2156
98 431.391000 209.008000 1820
99 431.968000 209.060000 1468
100 430.033000 208.728000 1505
101 433.582000 208.805000 1284
102 431.374000 208.600000 1295
103 429.993000 208.290000 1332
104 433.425000 208.456000 1331
105 431.837000 208.673000 1433
106 432.052000 208.701000 1130
107 431.195000 208.586000 1077
108 429.775000 208.516000 949
109 429.549000 208.440000 863
110 427.013000 208.126000 915
111 427.874000 208.245000 924
112 425.205000 208.169000 845
113 428.339000 208.445000 1185
114 427.096000 208.337000 1105
115 425.412000 208.081000 1135
116 425.663000 208.067000 879
117 428.190000 208.150000 826
118 424.261000 208.012000 835
119 426.152000 208.053000 709
120 426.769000 208.091000 606
121 424.674000 208.259000 791
122 424.946000 208.113000 802
123 424.412000 208.144000 664
124 424.393000 208.134000 517
125 424.848000 207.919000 555
126 424.080000 207.699000 593
127 423.287000 207.555000 610
128 425.470000 207.520000 528
129 424.394000 207.368000 549
130 426.271000 207.576000 829
131 426.595000 207.592000 652
132 423.968000 207.426000 673
133 425.584000 207.503000 659
134 424.687000 207.601000 691
135 423.337000 207.610000 536
136 423.041000 207.705000 591
137 423.519000 207.730000 495
138 423.310000 207.976000 863
139 422.987000 208.125000 945
140 423.735000 207.912000 969
141 425.247000 208.166000 1235
142 423.033000 208.185000 963
143 423.045000 208.110000 870
144 422.920000 207.994000 872
145 422.973000 208.062000 791
146 421.805000 208.124000 717
147 422.020000 208.169000 628
148 421.947000 208.076000 632
149 422.206000 208.110000 541
150 421.458000 208.192000 569
151 421.628000 208.115000 570
152 421.171000 207.974000 587
153 426.120000 208.031000 554
154 425.493000 208.064000 482
155 424.740000 207.869000 515
156 425.656000 207.892000 431
157 423.611000 207.735000 456
158 427.670000 208.073000 1018
159 424.815000 208.187000 992
160 424.551000 208.032000 1000
161 423.194000 207.999000 814
162 423.652000 207.882000 818
163 814.921000 215.429000 15707
164 827.667000 223.636000 28195
165 827.831000 230.764000 35403
166 827.398000 236.995000 39013
167 810.439000 242.480000 40230
168 466.823000 239.769000 35594
169 465.672000 237.274000 31686
170 464.708000 234.982000 28347
171 462.752000 233.203000 24820
172 464.536000 231.374000 22271
173 464.246000 229.724000 20004
174 464.954000 228.353000 17745
175 464.215000 227.077000 15861
176 457.033000 225.832000 14386
177 448.015000 223.882000 14424
178 445.024000 222.342000 13898
179 443.534000 220.793000 13520
180 440.288000 219.229000 13268
181 439.728000 217.878000 12654
182 437.599000 216.618000 12010
183 440.126000 215.679000 10885
184 438.823000 214.999000 9524
185 436.734000 214.143000 8855
186 436.011000 213.209000 8510
187 436.306000 212.566000 7668
188 434.008000 211.852000 7180
189 435.567000 211.607000 5874
190 433.649000 211.382000 4856
191 433.943000 210.964000 4477
192 433.630000 210.728000 3830
193 434.473000 210.695000 2938
194 431.743000 210.345000 2904
195 435.015000 210.355000 2198
196 434.548000 210.266000 1828
197 432.673000 210.063000 1776
198 432.812000 209.957000 1545
199 433.299000 209.858000 1356
200 432.564000 209.696000 1340
[FINAL]:
Client Throughput=2.258835 Byte/s
AverageUPL=451.445000
    AverageRTT=212.653000
    tcpi_retransmits=0
    tcpi_rto=412000
    tcpi_lost=0
    tcpi_retrans=0
    tcpi_snd_cwnd=18
    tcpi_snd_ssthresh=2147483647
    tcpi_total_retrans=0
1 853.096000 402.903000 215462
2 355.172000 378.368000 210666
3 329.292000 356.945000 200845
4 321.527000 338.268000 187987
5 318.865000 322.102000 173324
6 316.364000 307.912000 158373
7 316.699000 295.515000 143573
8 316.906000 284.640000 129430
9 317.333000 275.161000 116030
10 317.058000 266.754000 103837
11 316.509000 259.482000 92421
12 316.273000 253.086000 82109
13 316.408000 247.508000 72737
14 315.798000 242.483000 64603
15 315.435000 238.150000 57118
16 314.941000 234.296000 50546
17 314.845000 230.915000 44673
18 315.478000 228.039000 39256
19 315.729000 225.546000 34429
20 315.335000 223.331000 30250
21 315.430000 221.395000 26559
22 316.176000 219.794000 23122
23 315.520000 218.309000 20312
24 316.006000 216.994000 17864
25 315.886000 215.805000 15777
26 314.855000 214.810000 13821
27 315.882000 214.206000 11575
28 315.777000 213.492000 10109
29 315.769000 212.845000 8875
30 315.541000 212.251000 7845
31 315.131000 211.659000 7067
32 315.437000 211.219000 6181
33 316.242000 210.866000 5341
34 315.951000 210.522000 4693
35 315.808000 210.201000 4163
36 315.815000 209.926000 3673
37 314.907000 209.879000 2849
38 315.690000 209.637000 2619
39 315.902000 209.441000 2356
40 315.930000 209.291000 2069
41 315.258000 209.147000 1838
42 315.539000 208.965000 1743
43 316.126000 208.876000 1486
44 316.205000 208.812000 1242
45 314.637000 208.781000 994
46 316.214000 208.736000 834
47 316.017000 208.564000 851
48 315.856000 208.409000 863
49 316.374000 208.394000 677
50 316.430000 208.393000 511
51 315.872000 208.431000 459
52 315.965000 208.447000 377
53 315.349000 208.379000 382
54 315.251000 208.427000 382
55 314.467000 208.253000 413
56 316.237000 208.280000 365
57 315.377000 208.239000 357
58 316.212000 208.239000 268
59 316.235000 208.300000 323
60 315.549000 208.183000 343
61 315.576000 208.091000 355
62 314.725000 208.028000 359
63 314.418000 207.926000 373
64 315.399000 207.851000 380
65 314.896000 207.853000 288
66 315.163000 207.808000 290
67 315.000000 207.793000 248
68 315.660000 207.875000 351
69 315.723000 207.898000 309
70 315.045000 207.901000 238
71 315.807000 207.991000 358
72 315.731000 208.025000 336
73 315.344000 208.041000 285
74 315.459000 208.068000 267
75 315.591000 207.997000 277
76 315.189000 207.999000 212
77 315.494000 208.024000 208
78 316.286000 207.949000 220
79 315.700000 208.023000 311
80 314.883000 207.958000 317
81 315.371000 207.993000 308
82 315.246000 207.999000 243
83 314.859000 207.922000 255
84 314.721000 207.789000 280
85 315.631000 207.767000 254
86 314.932000 207.756000 211
87 315.374000 207.825000 295
88 315.351000 207.825000 222
89 315.495000 207.856000 228
90 700.548000 211.133000 6726
91 593.962000 219.814000 22406
92 811.477000 227.375000 31926
93 538.211000 234.055000 37305
94 305.545000 230.765000 34559
95 306.877000 228.050000 31350
96 307.308000 225.484000 28645
97 306.388000 223.365000 25721
98 306.424000 221.520000 22982
99 307.172000 219.759000 20758
100 308.518000 218.306000 18475
101 309.119000 217.117000 16233
102 307.050000 216.040000 14329
103 306.909000 215.038000 12751
104 307.565000 214.254000 11132
105 306.202000 213.457000 9943
106 306.041000 212.842000 8687
107 307.007000 212.324000 7552
108 306.614000 211.815000 6680
109 305.666000 211.334000 5973
110 305.790000 210.833000 5481
111 305.773000 210.501000 4776
112 304.886000 210.096000 4392
113 305.543000 209.805000 3876
114 305.749000 209.597000 3323
115 305.491000 209.281000 3124
116 305.569000 209.129000 2647
117 305.668000 208.901000 2440
118 306.330000 208.670000 2293
119 305.189000 208.528000 2004
120 305.930000 208.347000 1865
121 307.182000 208.290000 1513
122 306.443000 208.253000 1207
123 306.057000 208.207000 998
124 306.676000 208.187000 788
125 306.308000 208.251000 718
126 304.889000 208.124000 728
127 305.477000 207.986000 739
128 306.439000 207.988000 559
129 305.597000 207.998000 440
130 305.691000 207.904000 450
131 306.583000 207.913000 355
132 305.662000 207.804000 371
133 305.896000 207.841000 350
134 306.589000 207.957000 496
135 306.486000 207.944000 397
136 306.387000 207.945000 299
137 306.197000 207.964000 262
138 304.865000 207.847000 283
139 305.841000 207.878000 273
140 305.433000 207.851000 259
141 305.393000 207.820000 255
142 304.755000 207.711000 274
143 304.681000 207.610000 291
144 305.553000 207.545000 298
145 305.752000 207.548000 228
146 305.976000 207.581000 238
147 305.358000 207.628000 271
148 305.139000 207.615000 229
149 306.061000 207.728000 399
150 306.063000 207.751000 345
151 305.448000 207.580000 377
152 306.203000 207.641000 406
153 305.940000 207.659000 339
154 305.111000 207.607000 341
155 306.223000 207.616000 274
156 304.519000 207.510000 292
157 305.483000 207.513000 225
158 304.932000 207.489000 218
159 306.156000 207.617000 420
160 304.549000 207.560000 421
161 306.460000 207.598000 393
162 306.140000 207.646000 390
163 306.176000 207.588000 392
164 306.151000 207.536000 393
165 305.761000 207.547000 316
166 306.271000 207.608000 360
167 306.173000 207.733000 520
168 305.840000 207.671000 513
169 307.267000 207.740000 523
170 305.970000 207.633000 534
171 306.152000 207.678000 491
172 304.624000 207.453000 532
173 306.272000 207.509000 513
174 306.764000 207.570000 505
175 305.672000 207.545000 427
176 305.667000 207.437000 441
177 305.693000 207.504000 466
178 306.420000 207.607000 555
179 305.818000 207.617000 437
180 306.983000 207.677000 447
181 305.708000 207.624000 440
182 305.525000 207.576000 427
183 305.742000 207.512000 429
184 306.673000 207.637000 572
185 305.938000 207.684000 523
186 306.513000 207.767000 559
187 305.790000 207.641000 573
188 305.827000 207.622000 467
189 305.886000 207.641000 389
190 818.441000 215.644000 16297
191 827.766000 223.800000 28534
192 827.515000 230.941000 35683
193 773.350000 237.173000 39227
194 678.571000 234.852000 34061
195 598.263000 232.648000 29955
196 548.294000 230.167000 27428
197 517.986000 227.974000 24957
198 497.279000 226.007000 22652
199 481.334000 224.466000 20072
200 472.955000 222.749000 18487
[FINAL]:
Client Throughput=2.949053 Byte/s
AverageUPL=342.717000
    AverageRTT=210.673000
    tcpi_retransmits=0
    tcpi_rto=424000
    tcpi_lost=0
    tcpi_retrans=0
    tcpi_snd_cwnd=18
    tcpi_snd_ssthresh=2147483647
    tcpi_total_retrans=0
1 854.108000 400.883000 214182
2 356.019000 376.937000 208528
3 334.313000 356.130000 198009
4 325.252000 337.742000 185283
5 321.477000 321.680000 171087
6 319.568000 307.608000 156459
7 319.561000 295.293000 141974
8 319.287000 284.385000 128297
9 319.532000 275.020000 114951
10 315.907000 266.716000 102822
11 316.273000 259.370000 91810
12 316.722000 252.948000 81701
13 322.011000 248.023000 71125
14 315.521000 242.901000 63589
15 317.700000 238.576000 56340
16 315.475000 234.760000 49888
17 316.077000 231.445000 44045
18 316.652000 228.618000 38689
19 316.373000 226.097000 34058
20 315.868000 223.839000 30059
21 315.363000 221.780000 26664
22 314.819000 219.939000 23679
23 316.405000 218.516000 20605
24 315.355000 217.259000 17968
25 315.025000 215.907000 16181
26 315.523000 214.844000 14260
27 316.005000 213.983000 12417
28 316.237000 213.297000 10685
29 315.015000 212.519000 9570
30 315.027000 211.953000 8309
31 315.118000 211.391000 7357
32 315.297000 210.983000 6334
33 315.568000 210.599000 5518
34 315.655000 210.286000 4764
35 315.626000 209.994000 4156
36 315.464000 209.718000 3671
37 315.358000 209.465000 3258
38 315.809000 209.303000 2769
39 316.382000 209.218000 2245
40 315.062000 208.998000 2124
41 315.079000 208.803000 1983
42 314.840000 208.523000 1991
43 315.760000 208.473000 1594
44 316.099000 208.356000 1429
45 316.175000 208.338000 1108
46 315.236000 208.238000 1031
47 315.513000 208.194000 860
48 315.758000 208.173000 688
49 315.508000 208.164000 533
50 316.311000 208.204000 481
51 316.467000 208.157000 454
52 316.303000 208.196000 417
53 315.445000 208.137000 419
54 316.049000 208.156000 352
55 317.261000 208.092000 356
56 315.095000 208.101000 286
57 315.580000 208.072000 273
58 315.345000 207.885000 311
59 315.141000 207.898000 260
60 315.348000 207.858000 262
61 316.623000 207.867000 215
62 315.921000 207.889000 204
63 316.161000 207.934000 244
64 315.166000 207.967000 249
65 314.385000 207.898000 258
66 314.546000 207.862000 259
67 315.370000 207.819000 262
68 314.774000 207.777000 264
69 314.881000 207.794000 231
70 315.147000 207.846000 277
71 315.775000 207.896000 308
72 315.580000 207.915000 269
73 315.580000 207.925000 222
74 315.588000 207.940000 197
75 315.549000 207.952000 172
76 315.800000 207.926000 173
77 313.784000 207.922000 137
78 315.446000 207.924000 106
79 315.093000 207.940000 111
80 315.581000 207.946000 96
81 315.587000 207.952000 84
82 314.793000 207.900000 95
83 315.717000 207.927000 124
84 315.551000 207.895000 128
85 315.913000 207.980000 267
86 315.463000 207.969000 223
87 315.109000 207.920000 228
88 315.179000 207.875000 232
89 315.479000 207.882000 188
90 315.421000 207.881000 144
91 315.080000 207.845000 148
92 314.731000 207.840000 121
93 315.060000 207.960000 331
94 315.379000 207.934000 300
95 315.405000 207.936000 229
96 314.821000 207.951000 203
97 315.881000 207.830000 227
98 314.516000 207.718000 247
99 314.981000 207.675000 250
100 315.278000 207.753000 344
101 315.708000 207.808000 367
102 346.125000 207.882000 424
103 825.083000 216.699000 17951
104 827.685000 224.715000 29497
105 790.759000 231.431000 35554
106 827.123000 237.557000 38918
107 827.326000 242.940000 39954
108 812.391000 247.708000 39502
109 827.499000 251.818000 37846
110 827.584000 255.433000 35615
111 827.729000 258.645000 33134
112 827.791000 261.397000 30356
113 827.419000 263.793000 27559
114 1077.436000 265.907000 24897
115 812.048000 267.803000 22464
116 827.462000 269.434000 20109
117 827.822000 270.868000 17950
118 822.729000 271.477000 14682
119 812.040000 272.615000 13286
120 827.315000 273.647000 12030
121 827.701000 274.562000 10852
122 827.770000 275.350000 9715
123 828.377000 276.040000 8666
124 826.763000 276.538000 7497
125 827.776000 277.082000 6709
126 827.435000 277.540000 5948
127 827.948000 277.967000 5316
128 827.503000 278.289000 4630
129 732.510000 278.588000 4071
130 626.840000 271.355000 5752
131 570.561000 265.317000 7081
132 535.083000 259.506000 8313
133 512.186000 254.475000 9310
134 495.933000 250.010000 10136
135 487.705000 246.046000 10810
136 480.423000 242.624000 11327
137 474.721000 239.561000 11739
138 468.179000 236.895000 12039
139 468.476000 234.552000 12248
140 468.168000 232.513000 12375
141 469.547000 230.739000 12431
142 466.922000 229.019000 12473
143 458.614000 226.927000 12606
144 457.903000 224.884000 12723
145 454.381000 223.375000 12561
146 449.420000 221.972000 12226
147 446.129000 220.710000 11693
148 443.453000 219.269000 11653
149 440.436000 217.924000 11429
150 438.317000 216.734000 10952
151 435.979000 215.531000 10619
152 435.504000 214.517000 9993
153 438.404000 213.827000 8875
154 436.052000 213.148000 8014
155 433.238000 212.355000 7596
156 432.831000 211.768000 6871
157 435.098000 211.525000 5640
158 432.717000 211.089000 5102
159 435.028000 210.839000 4325
160 433.300000 210.527000 3869
161 431.656000 210.084000 3788
162 431.535000 209.635000 3738
163 433.439000 209.425000 3225
164 431.461000 209.282000 2704
165 431.643000 209.121000 2350
166 433.028000 209.022000 1961
167 432.824000 208.978000 1558
168 436.053000 209.017000 1247
169 432.551000 209.223000 1348
170 432.789000 209.128000 1201
171 432.542000 209.137000 917
172 433.525000 208.986000 926
173 433.252000 208.944000 780
174 429.987000 208.761000 801
175 431.468000 208.550000 828
176 432.371000 208.680000 880
177 431.253000 208.582000 856
178 431.014000 208.685000 849
179 431.528000 208.485000 872
180 429.213000 208.340000 881
181 431.146000 208.322000 697
182 432.766000 208.337000 553
183 430.655000 208.123000 589
184 432.214000 207.959000 611
185 432.897000 208.073000 687
186 432.960000 208.178000 724
187 432.824000 208.261000 709
188 432.865000 208.341000 693
189 432.993000 208.249000 694
190 434.159000 208.320000 662
191 431.282000 208.331000 519
192 428.694000 208.002000 585
193 430.745000 207.708000 640
194 432.525000 207.938000 939
195 470.769000 207.960000 747
196 827.787000 217.078000 18797
197 708.356000 225.066000 30074
198 827.861000 232.066000 36557
199 827.709000 238.175000 39634
200 827.889000 243.534000 40443
[FINAL]:
Client Throughput=2.248172 Byte/s
AverageUPL=567.146000
    AverageRTT=230.391000
    tcpi_retransmits=0
    tcpi_rto=444000
    tcpi_lost=0
    tcpi_retrans=0
    tcpi_snd_cwnd=18
    tcpi_snd_ssthresh=2147483647
    tcpi_total_retrans=0
1 1167.131000 481.990000 250412
2 827.890000 456.877000 238034
3 827.797000 434.899000 222482
4 796.542000 415.667000 205324
5 827.933000 398.842000 187644
6 827.562000 384.098000 170221
7 827.832000 371.211000 153440
8 827.779000 359.941000 137621
9 827.937000 350.203000 122691
10 827.576000 341.527000 109370
11 827.769000 333.960000 97162
12 827.857000 327.355000 86081
13 1077.693000 321.551000 76168
14 827.835000 316.468000 67293
15 828.012000 312.007000 59392
16 827.336000 308.097000 52362
17 826.324000 304.498000 46471
18 827.487000 301.510000 40830
19 827.614000 299.006000 35630
20 827.590000 296.697000 31340
21 827.433000 294.694000 27511
22 827.997000 292.984000 24053
23 827.654000 291.433000 21143
24 840.667000 288.866000 20991
25 827.385000 287.864000 17747
26 828.457000 286.987000 15063
27 827.109000 286.129000 13013
28 827.202000 285.413000 11194
29 827.582000 284.836000 9549
30 827.491000 284.353000 8127
31 827.887000 283.953000 6895
32 827.756000 283.557000 5963
33 827.490000 283.206000 5175
34 828.947000 282.898000 4497
35 827.607000 282.654000 3861
36 1327.620000 282.417000 3369
37 827.414000 282.234000 2893
38 827.995000 282.090000 2457
39 827.499000 281.886000 2252
40 805.952000 281.743000 1975
41 827.351000 281.609000 1750
42 827.767000 281.514000 1501
43 827.261000 279.423000 1977
44 827.801000 279.627000 1889
45 827.439000 279.767000 1697
46 827.499000 279.910000 1559
47 828.136000 280.058000 1466
48 1327.115000 280.098000 1179
49 828.090000 280.253000 1195
50 827.650000 280.300000 990
51 827.512000 280.342000 827
52 827.641000 280.405000 745
53 819.413000 280.452000 654
54 762.786000 280.461000 507
55 653.597000 272.211000 2553
56 579.916000 264.416000 4422
57 534.433000 257.425000 6032
58 508.731000 251.223000 7394
59 488.261000 245.818000 8514
60 475.431000 241.340000 9367
61 467.471000 237.022000 10154
62 459.592000 233.441000 10731
63 450.663000 230.099000 11231
64 447.994000 227.337000 11571
65 446.666000 225.079000 11774
66 442.821000 222.995000 11927
67 440.965000 221.088000 12030
68 436.424000 219.159000 12136
69 437.290000 217.572000 12154
70 437.410000 216.519000 11222
71 439.037000 215.488000 10479
72 438.642000 214.648000 9539
73 438.224000 213.844000 8762
74 437.414000 213.177000 7905
75 435.147000 212.384000 7514
76 435.090000 211.669000 7066
77 436.006000 211.369000 5900
78 432.703000 210.697000 5770
79 433.107000 210.409000 4902
80 431.758000 210.052000 4391
81 434.051000 209.832000 3732
82 433.753000 209.706000 3052
83 433.034000 209.673000 2355
84 435.044000 209.621000 1871
85 432.503000 209.366000 1876
86 434.407000 209.360000 1419
87 429.031000 208.929000 1482
88 431.021000 208.569000 1526
89 432.312000 208.554000 1176
90 433.443000 208.626000 1027
91 585.342000 208.449000 1039
92 433.493000 208.448000 780
93 432.132000 208.545000 779
94 433.287000 208.594000 683
95 430.299000 208.404000 709
96 434.655000 208.461000 644
97 432.473000 208.417000 571
98 430.995000 208.532000 659
99 432.219000 208.463000 631
100 433.067000 208.517000 581
101 434.632000 208.657000 715
102 432.642000 208.498000 732
103 432.690000 208.410000 724
104 432.121000 208.239000 744
105 432.447000 208.114000 752
106 430.411000 208.134000 604
107 430.683000 208.014000 615
108 432.449000 208.031000 495
109 431.305000 207.944000 501
110 431.088000 207.852000 508
111 431.520000 207.957000 592
112 429.914000 207.942000 474
113 431.956000 208.097000 666
114 431.344000 208.154000 613
115 431.426000 208.152000 462
116 431.175000 208.318000 677
117 431.048000 208.436000 745
118 427.660000 208.246000 769
119 428.239000 208.251000 586
120 427.707000 208.382000 702
121 427.244000 208.436000 634
122 426.333000 208.445000 494
123 428.017000 208.430000 400
124 425.360000 208.387000 386
125 427.250000 208.401000 317
126 425.460000 208.244000 346
127 427.551000 208.339000 449
128 426.038000 208.299000 416
129 423.444000 208.089000 455
130 424.689000 208.095000 354
131 424.298000 208.142000 360
132 423.203000 208.110000 334
133 424.730000 208.242000 514
134 425.325000 208.466000 834
135 425.460000 208.643000 979
136 424.761000 208.582000 856
137 425.348000 208.634000 746
138 424.020000 208.618000 591
139 425.115000 208.593000 495
140 425.317000 208.516000 498
141 426.658000 208.497000 410
142 426.230000 208.559000 432
143 425.988000 208.565000 335
144 426.295000 208.635000 391
145 426.625000 208.592000 380
146 424.553000 208.342000 431
147 426.555000 208.421000 481
148 428.483000 208.408000 386
149 425.954000 208.289000 404
150 425.640000 208.245000 390
151 424.866000 207.980000 444
152 425.877000 208.048000 470
153 621.137000 208.062000 381
154 426.971000 208.227000 614
155 425.402000 208.246000 499
156 428.315000 208.339000 562
157 425.882000 208.219000 574
158 426.367000 208.025000 604
159 426.850000 208.002000 500
160 428.169000 208.136000 643
161 428.289000 208.292000 794
162 428.200000 208.472000 956
163 426.145000 208.379000 902
164 427.453000 208.271000 892
165 427.442000 208.308000 742
166 426.317000 208.168000 754
167 426.383000 208.097000 706
168 422.324000 207.809000 756
169 425.808000 207.790000 605
170 423.033000 207.630000 626
171 426.075000 207.892000 994
172 427.098000 208.049000 1059
173 425.926000 208.098000 893
174 425.043000 208.291000 1056
175 425.871000 208.382000 973
176 425.241000 208.529000 1025
177 426.981000 208.575000 860
178 426.222000 208.423000 871
179 424.951000 208.288000 878
180 425.158000 208.082000 902
181 426.174000 208.157000 826
182 425.962000 208.263000 831
183 425.994000 208.241000 667
184 425.970000 208.230000 523
185 423.784000 208.051000 551
186 424.799000 207.929000 564
187 424.725000 207.992000 549
188 425.467000 208.076000 579
189 425.932000 208.099000 482
190 425.884000 208.135000 432
191 426.200000 208.174000 402
192 426.314000 208.323000 600
193 429.093000 208.341000 486
194 426.275000 208.457000 596
195 428.429000 208.420000 521
196 427.899000 208.387000 455
197 426.725000 208.444000 454
198 427.122000 208.515000 482
199 424.143000 208.403000 495
200 428.066000 208.512000 588
[FINAL]:
Client Throughput=1.818198 Byte/s
AverageUPL=428.991000
    AverageRTT=208.263000
    tcpi_retransmits=0
    tcpi_rto=412000
    tcpi_lost=0
    tcpi_retrans=0
    tcpi_snd_cwnd=18
    tcpi_snd_ssthresh=2147483647
    tcpi_total_retrans=0
1 657.729000 403.465000 209222
2 228.297000 379.004000 205839
3 227.768000 357.525000 197336
4 229.000000 338.755000 185542
5 226.804000 322.199000 172269
6 227.864000 307.985000 157629
7 229.710000 295.512000 143169
8 246.207000 284.684000 129032
9 246.888000 274.986000 116170
10 228.541000 266.631000 103838
11 245.928000 259.389000 92363
12 227.460000 253.000000 82050
13 235.859000 247.383000 72770
14 228.320000 242.472000 64401
15 227.637000 238.079000 57086
16 229.646000 234.499000 49974
17 226.422000 231.095000 44290
18 243.852000 228.065000 39277
19 228.650000 225.625000 34338
20 227.831000 223.510000 29983
21 226.944000 221.538000 26432
22 233.868000 219.962000 22976
23 228.986000 218.552000 20051
24 228.703000 217.281000 17582
25 227.596000 216.185000 15376
26 227.210000 215.185000 13534
27 244.042000 214.315000 11890
28 228.174000 213.482000 10583
29 228.361000 212.816000 9270
30 237.729000 212.204000 8176
31 228.306000 211.561000 7418
32 230.518000 211.260000 6166
33 228.532000 210.880000 5383
34 228.368000 210.537000 4724
35 228.659000 210.262000 4093
36 228.970000 209.915000 3763
37 228.169000 209.672000 3309
38 227.974000 209.423000 2979
39 228.692000 209.278000 2526
40 228.109000 209.040000 2370
41 236.213000 208.710000 2378
42 226.574000 208.402000 2381
43 228.441000 208.374000 1841
44 228.323000 208.248000 1633
45 236.396000 208.328000 1384
46 226.803000 208.154000 1384
47 229.421000 208.213000 1156
48 226.762000 208.188000 919
49 227.724000 208.176000 713
50 245.259000 208.191000 564
51 227.362000 208.122000 560
52 228.493000 208.176000 528
53 244.023000 208.316000 677
54 237.521000 208.322000 518
55 226.930000 208.321000 391
56 227.608000 208.265000 393
57 227.490000 208.213000 393
58 227.526000 208.163000 393
59 245.778000 208.097000 397
60 226.794000 207.974000 416
61 227.271000 208.033000 429
62 226.428000 208.162000 581
63 226.979000 208.072000 585
64 225.977000 208.260000 813
65 226.604000 208.369000 829
66 232.846000 208.086000 874
67 228.085000 208.117000 717
68 227.653000 208.084000 603
69 228.098000 208.113000 511
70 228.347000 208.309000 775
71 228.682000 208.382000 728
72 226.946000 208.230000 743
73 229.464000 207.981000 782
74 226.628000 207.981000 587
75 228.658000 208.221000 919
76 227.734000 208.161000 808
77 230.193000 208.459000 1202
78 227.409000 208.374000 1073
79 230.811000 208.575000 1206
80 227.870000 208.539000 976
81 244.270000 208.387000 983
82 244.441000 208.138000 1015
83 245.660000 207.976000 1023
84 245.218000 207.774000 1042
85 243.187000 207.625000 1046
86 237.932000 207.834000 1203
87 227.331000 207.824000 922
88 227.530000 207.840000 723
89 226.235000 207.705000 734
90 228.758000 207.900000 939
91 228.576000 207.752000 947
92 229.437000 207.932000 1070
93 227.119000 208.072000 1083
94 228.602000 208.375000 1419
95 227.405000 208.349000 1116
96 228.733000 208.350000 839
97 227.748000 208.386000 700
98 228.331000 208.478000 709
99 227.061000 208.540000 656
100 242.442000 208.177000 726
101 228.424000 208.311000 813
102 227.537000 208.342000 673
103 231.697000 208.449000 718
104 238.210000 208.489000 617
105 228.741000 208.483000 474
106 226.992000 208.544000 477
107 228.545000 208.639000 547
108 225.828000 208.530000 557
109 244.337000 208.364000 581
110 227.437000 208.328000 508
111 228.847000 208.444000 612
112 227.843000 208.342000 618
113 228.973000 208.398000 576
114 228.405000 208.507000 649
115 227.077000 208.572000 617
116 227.909000 208.587000 493
117 227.817000 208.575000 395
118 233.117000 208.539000 368
119 229.853000 208.665000 527
120 228.026000 208.704000 474
121 229.895000 208.820000 587
122 227.177000 208.703000 598
123 227.192000 208.630000 594
124 228.307000 208.689000 563
125 228.211000 208.742000 528
126 229.516000 208.779000 470
127 227.746000 208.755000 401
128 228.435000 208.804000 399
129 228.602000 208.743000 402
130 227.513000 208.676000 406
131 228.259000 208.595000 413
132 241.398000 208.483000 428
133 228.021000 208.529000 413
134 227.487000 208.497000 374
135 227.536000 208.475000 325
136 235.493000 208.454000 285
137 229.350000 208.517000 338
138 228.632000 208.601000 423
139 226.740000 208.459000 446
140 228.637000 208.215000 493
141 247.818000 207.970000 538
142 229.559000 207.846000 552
143 228.336000 207.641000 586
144 227.737000 207.708000 573
145 237.341000 207.817000 647
146 227.811000 207.739000 640
147 229.076000 207.835000 671
148 228.966000 207.954000 741
149 227.346000 208.003000 655
150 248.503000 208.045000 575
151 227.265000 208.036000 450
152 228.003000 208.146000 557
153 228.621000 208.178000 482
154 227.787000 208.121000 476
155 228.899000 208.194000 504
156 227.527000 208.242000 475
157 228.300000 208.282000 435
158 227.301000 208.192000 443
159 229.968000 208.169000 379
160 229.201000 208.044000 398
161 226.454000 208.029000 329
162 229.772000 208.129000 447
163 228.801000 208.099000 395
164 227.474000 208.041000 397
165 241.473000 208.022000 336
166 228.591000 208.008000 280
167 226.814000 208.023000 240
168 228.105000 207.920000 258
169 228.246000 207.997000 348
170 233.987000 208.212000 692
171 227.107000 208.105000 697
172 227.041000 207.994000 702
173 242.439000 208.098000 733
174 228.327000 208.168000 691
175 228.701000 208.435000 1051
176 228.151000 208.455000 829
177 233.070000 208.467000 647
178 228.796000 208.540000 630
179 228.325000 208.707000 806
180 227.580000 208.575000 814
181 227.205000 208.433000 824
182 246.288000 208.254000 843
183 227.323000 208.298000 719
184 226.497000 208.110000 743
185 227.754000 208.108000 561
186 230.087000 207.982000 575
187 228.059000 208.033000 534
188 229.135000 208.069000 472
189 229.922000 208.053000 385
190 240.168000 208.022000 350
191 248.318000 208.007000 293
192 226.872000 208.003000 227
193 230.165000 208.173000 510
194 226.403000 208.128000 474
195 228.747000 208.240000 581
196 229.914000 208.428000 812
197 227.642000 208.364000 738
198 227.120000 208.242000 745
199 229.275000 208.266000 607
200 236.059000 208.127000 623
[FINAL]:
Client Throughput=4.291439 Byte/s
AverageUPL=230.173000
    AverageRTT=208.295000
    tcpi_retransmits=0
    tcpi_rto=412000
    tcpi_lost=0
    tcpi_retrans=0
    tcpi_snd_cwnd=10
    tcpi_snd_ssthresh=2147483647
    tcpi_total_retrans=0
1 681.574000 414.083000 220825
2 289.389000 388.961000 215864
3 262.162000 367.229000 205361
4 261.008000 348.062000 192355
5 263.794000 331.295000 177800
6 264.252000 316.678000 162584
7 266.257000 304.097000 147101
8 261.398000 292.874000 132770
9 231.721000 282.322000 120682
10 249.052000 272.926000 109303
11 225.493000 264.747000 98336
12 226.970000 257.749000 87747
13 230.281000 251.528000 78254
14 228.339000 246.226000 69294
15 225.908000 241.416000 61591
16 237.222000 237.252000 54520
17 226.140000 233.581000 48232
18 225.342000 230.282000 42773
19 235.591000 227.429000 37785
20 225.195000 225.017000 33162
21 225.835000 222.983000 28941
22 224.873000 221.063000 25545
23 228.004000 219.416000 22453
24 225.931000 217.971000 19729
25 227.310000 216.869000 17002
26 227.540000 215.702000 15085
27 225.206000 214.730000 13258
28 228.864000 213.863000 11676
29 224.551000 213.209000 10067
30 227.240000 212.702000 8564
31 225.642000 212.033000 7761
32 223.416000 211.426000 7034
33 230.987000 210.983000 6161
34 226.800000 210.814000 4959
35 224.213000 210.444000 4460
36 225.305000 210.166000 3900
37 235.786000 209.982000 3293
38 239.458000 209.794000 2847
39 225.847000 209.520000 2682
40 225.263000 209.352000 2348
41 225.917000 209.041000 2352
42 238.141000 208.909000 2029
43 226.594000 208.807000 1726
44 225.128000 208.675000 1558
45 224.669000 208.514000 1490
46 228.772000 208.555000 1199
47 225.393000 208.493000 1023
48 225.361000 208.324000 1033
49 225.111000 208.270000 882
50 226.210000 208.135000 888
51 228.906000 208.092000 752
52 225.964000 208.060000 629
53 226.700000 207.867000 658
54 227.839000 208.140000 1039
55 227.626000 208.049000 961
56 235.673000 207.814000 990
57 228.041000 207.980000 1074
58 228.797000 207.931000 903
59 230.474000 208.093000 1002
60 229.396000 208.098000 762
61 227.506000 207.999000 763
62 228.348000 208.041000 656
63 227.157000 207.923000 664
64 229.179000 207.914000 517
65 246.582000 207.897000 423
66 228.809000 207.993000 510
67 227.345000 208.014000 424
68 227.904000 207.977000 391
69 236.136000 208.092000 524
70 226.107000 208.107000 421
71 228.688000 208.172000 446
72 225.695000 207.995000 476
73 228.312000 208.161000 689
74 241.519000 208.180000 555
75 228.226000 208.303000 661
76 229.413000 208.308000 507
77 227.345000 208.325000 414
78 227.993000 208.443000 545
79 228.662000 208.479000 482
80 232.278000 208.979000 1362
81 226.929000 208.716000 1385
82 237.317000 208.680000 1111
83 241.006000 208.697000 866
84 227.798000 208.721000 699
85 226.800000 208.621000 702
86 228.332000 208.718000 719
87 226.577000 208.587000 729
88 226.560000 208.604000 581
89 228.374000 208.556000 531
90 228.999000 208.604000 495
91 228.024000 208.540000 496
92 227.536000 208.559000 411
93 227.932000 208.612000 414
94 228.843000 208.655000 395
95 229.545000 208.760000 507
96 233.898000 208.739000 423
97 240.627000 208.554000 455
98 224.530000 208.464000 464
99 228.303000 208.545000 509
100 228.180000 208.506000 460
101 233.996000 208.496000 364
102 228.858000 208.533000 347
103 227.790000 208.576000 345
104 241.756000 208.421000 373
105 229.462000 208.535000 508
106 241.933000 208.274000 557
107 229.215000 208.387000 644
108 227.331000 208.374000 509
109 227.050000 208.338000 453
110 236.291000 208.352000 368
111 229.179000 208.448000 467
112 227.118000 208.409000 428
113 228.204000 208.457000 418
114 228.307000 208.368000 427
115 246.355000 208.270000 439
116 227.822000 208.254000 360
117 308.840000 208.328000 418
118 484.339000 215.483000 14624
119 484.285000 223.666000 27332
120 483.879000 230.799000 34766
121 515.186000 237.032000 38541
122 499.690000 240.684000 36208
123 483.809000 245.668000 37125
124 484.161000 250.061000 36630
125 515.445000 253.894000 35138
126 483.761000 257.205000 32977
127 530.639000 260.116000 30555
128 499.751000 264.651000 31984
129 497.365000 266.631000 27948
130 483.931000 268.390000 24481
131 546.229000 269.925000 21430
132 499.834000 271.307000 18836
133 514.344000 272.393000 16300
134 468.673000 273.477000 14392
135 514.910000 274.349000 12539
136 484.287000 275.163000 11031
137 499.276000 275.837000 9621
138 484.513000 276.478000 8499
139 514.989000 276.976000 7371
140 483.939000 277.413000 6400
141 515.021000 277.804000 5583
142 484.522000 278.182000 4943
143 467.983000 278.440000 4223
144 499.509000 278.708000 3705
145 499.637000 278.963000 3288
146 515.226000 279.142000 2824
147 468.505000 279.349000 2531
148 483.817000 279.504000 2208
149 499.794000 279.647000 1943
150 501.132000 279.740000 1643
151 466.722000 279.648000 1417
152 489.130000 279.716000 1199
153 483.840000 279.825000 1117
154 290.702000 273.340000 2703
155 295.240000 266.806000 4252
156 282.257000 260.870000 5603
157 283.730000 255.515000 6766
158 255.797000 250.311000 7856
159 259.098000 245.900000 8713
160 258.845000 241.680000 9496
161 254.632000 238.166000 10077
162 258.612000 234.879000 10584
163 259.502000 232.136000 10939
164 260.331000 229.824000 11175
165 253.978000 227.685000 11360
166 258.683000 226.069000 11409
167 259.947000 224.497000 11445
168 258.362000 223.233000 11113
169 286.660000 222.244000 10313
170 254.994000 220.822000 10346
171 272.969000 220.158000 9088
172 257.587000 219.320000 8493
173 253.235000 218.761000 7488
174 254.810000 218.077000 6984
175 264.796000 217.450000 6492
176 257.345000 216.969000 5830
177 259.320000 216.765000 4781
178 260.471000 216.409000 4298
179 260.051000 216.060000 3921
180 254.556000 215.621000 3818
181 233.228000 214.622000 3948
182 233.591000 213.799000 4031
183 233.410000 213.060000 4089
184 248.593000 212.445000 4115
185 230.780000 211.893000 4124
186 233.190000 211.370000 4126
187 231.712000 210.724000 4159
188 240.429000 210.288000 3991
189 232.318000 209.840000 3889
190 229.079000 209.642000 3313
191 228.671000 209.415000 2938
192 228.467000 209.342000 2348
193 246.094000 209.057000 2332
194 228.613000 208.903000 2058
195 229.532000 208.876000 1596
196 228.764000 208.752000 1445
197 238.004000 208.649000 1290
198 228.458000 208.587000 1093
199 239.378000 208.371000 1113
200 226.957000 208.155000 1132
[FINAL]:
Client Throughput=3.488488 Byte/s
AverageUPL=336.473000
    AverageRTT=235.844000
    tcpi_retransmits=0
    tcpi_rto=412000
    tcpi_lost=0
    tcpi_retrans=0
    tcpi_snd_cwnd=10
    tcpi_snd_ssthresh=2147483647
    tcpi_total_retrans=0
1 634.444000 404.610000 216380
2 227.774000 379.934000 211637
3 237.862000 358.316000 201964
4 230.225000 339.758000 188589
5 227.425000 323.174000 174608
6 228.293000 308.888000 159529
7 227.578000 296.319000 144785
8 245.978000 285.127000 130972
9 227.295000 275.521000 117442
10 225.980000 267.110000 104903
11 224.464000 259.765000 93367
12 226.750000 253.255000 83045
13 233.615000 247.755000 73284
14 225.051000 242.884000 64705
15 224.901000 238.478000 57341
16 225.371000 234.696000 50569
17 227.009000 231.402000 44515
18 226.713000 228.353000 39484
19 226.940000 225.974000 34372
20 227.476000 223.689000 30349
21 227.569000 221.699000 26741
22 235.976000 219.869000 23715
23 229.483000 218.601000 20324
24 228.032000 217.459000 17526
25 229.242000 216.477000 15108
26 231.104000 215.531000 13224
27 227.032000 214.506000 11968
28 239.845000 213.617000 10753
29 229.887000 213.035000 9230
30 229.344000 212.454000 8085
31 243.168000 211.671000 7629
32 227.101000 211.137000 6789
33 226.859000 210.785000 5796
34 228.474000 210.388000 5141
35 237.527000 210.138000 4355
36 228.773000 209.987000 3568
37 229.155000 209.922000 2807
38 242.765000 209.679000 2592
39 228.456000 209.422000 2458
40 239.907000 209.050000 2474
41 226.710000 208.931000 2095
42 228.489000 208.905000 1622
43 228.539000 208.757000 1512
44 238.162000 208.644000 1362
45 228.451000 208.648000 1030
46 228.662000 208.692000 861
47 227.397000 208.722000 705
48 226.818000 208.635000 702
49 247.005000 208.515000 710
50 228.598000 208.565000 633
51 228.006000 208.516000 572
52 227.867000 208.448000 566
53 227.424000 208.360000 570
54 228.137000 208.372000 452
55 227.493000 208.416000 425
56 228.183000 208.414000 322
57 227.600000 208.332000 332
58 235.306000 208.224000 349
59 227.827000 208.119000 364
60 237.322000 208.114000 283
61 231.097000 208.123000 230
62 228.205000 208.126000 178
63 227.858000 208.041000 193
64 227.392000 207.887000 226
65 230.617000 207.960000 315
66 228.045000 207.906000 318
67 230.417000 207.981000 389
68 228.102000 208.065000 458
69 228.893000 208.105000 424
70 227.979000 208.028000 429
71 229.911000 208.041000 348
72 236.218000 207.940000 363
73 227.627000 207.831000 378
74 228.174000 207.809000 329
75 227.871000 207.862000 353
76 233.755000 207.911000 363
77 228.280000 207.753000 391
78 228.628000 207.939000 666
79 228.376000 207.929000 519
80 229.493000 207.915000 416
81 243.273000 207.819000 427
82 227.751000 207.897000 476
83 228.264000 207.865000 420
84 228.893000 207.928000 442
85 239.829000 207.934000 343
86 227.148000 207.895000 335
87 228.128000 207.856000 331
88 228.392000 207.857000 251
89 228.232000 207.830000 242
90 243.516000 207.616000 288
91 227.960000 207.681000 346
92 226.644000 207.633000 347
93 229.017000 207.745000 485
94 244.977000 207.753000 379
95 227.191000 207.630000 398
96 230.906000 207.722000 483
97 227.406000 207.615000 495
98 227.906000 207.624000 390
99 246.663000 207.780000 604
100 227.413000 207.857000 606
101 228.658000 207.914000 570
102 226.508000 207.854000 547
103 243.313000 207.881000 463
104 228.295000 207.915000 415
105 228.878000 208.163000 808
106 226.602000 208.003000 823
107 227.517000 207.970000 683
108 243.171000 208.017000 607
109 228.267000 208.063000 548
110 229.749000 208.287000 857
111 228.012000 208.282000 652
112 227.000000 208.161000 662
113 232.779000 208.020000 676
114 228.225000 208.079000 625
115 225.088000 208.013000 601
116 227.875000 208.021000 468
117 228.730000 208.132000 571
118 228.996000 208.275000 716
119 228.966000 208.376000 738
120 230.041000 208.562000 927
121 227.203000 208.420000 933
122 236.232000 208.260000 944
123 228.002000 208.374000 935
124 227.781000 208.291000 866
125 229.402000 208.449000 965
126 233.743000 208.395000 832
127 228.264000 208.407000 648
128 228.720000 208.521000 714
129 227.849000 208.562000 618
130 238.838000 208.442000 629
131 246.272000 208.248000 657
132 246.344000 208.087000 677
133 246.330000 207.948000 690
134 239.094000 207.912000 589
135 227.048000 207.802000 598
136 228.848000 207.804000 452
137 230.018000 207.999000 730
138 228.329000 208.107000 762
139 229.485000 208.184000 725
140 236.500000 208.215000 607
141 226.709000 208.243000 511
142 226.346000 208.320000 537
143 227.702000 208.305000 433
144 231.727000 208.345000 405
145 229.236000 208.384000 381
146 226.449000 208.356000 341
147 241.802000 208.265000 353
148 229.947000 208.408000 552
149 239.283000 208.406000 418
150 227.394000 208.247000 444
151 227.920000 208.280000 399
152 227.557000 208.365000 470
153 235.504000 208.171000 504
154 227.584000 208.146000 428
155 227.522000 208.117000 379
156 226.764000 208.163000 375
157 232.839000 208.537000 1030
158 244.201000 208.434000 980
159 227.733000 208.282000 988
160 228.542000 208.388000 954
161 226.432000 208.208000 969
162 229.161000 208.272000 854
163 227.178000 208.197000 789
164 228.860000 208.198000 593
165 228.371000 208.404000 857
166 226.591000 208.390000 672
167 237.268000 208.437000 598
168 227.935000 208.440000 455
169 227.034000 208.338000 467
170 227.229000 208.406000 487
171 227.719000 208.388000 400
172 227.350000 208.313000 407
173 225.343000 208.153000 434
174 227.829000 208.188000 394
175 229.269000 208.247000 414
176 227.397000 208.211000 382
177 227.660000 208.204000 300
178 228.038000 208.233000 282
179 229.013000 208.252000 250
180 229.584000 208.379000 441
181 251.377000 208.325000 439
182 228.382000 208.284000 412
183 231.419000 208.311000 363
184 228.440000 208.240000 369
185 235.853000 208.156000 378
186 229.430000 208.278000 529
187 230.407000 208.324000 489
188 229.875000 208.136000 521
189 229.214000 208.246000 610
190 244.204000 208.060000 637
191 230.222000 208.163000 684
192 228.177000 208.287000 760
193 229.646000 208.280000 585
194 237.353000 208.268000 462
195 229.355000 208.238000 405
196 229.336000 208.225000 330
197 228.703000 208.178000 331
198 228.074000 208.059000 351
199 245.516000 207.867000 387
200 226.168000 207.856000 314
[FINAL]:
Client Throughput=4.291844 Byte/s
AverageUPL=230.901000
    AverageRTT=208.222000
    tcpi_retransmits=0
    tcpi_rto=408000
    tcpi_lost=0
    tcpi_retrans=0
    tcpi_snd_cwnd=10
    tcpi_snd_ssthresh=2147483647
    tcpi_total_retrans=0
1 640.606000 404.202000 216080
2 228.002000 379.570000 211325
3 227.939000 358.172000 201290
4 227.218000 339.361000 188589
5 245.269000 322.860000 174444
6 227.218000 308.449000 159654
7 226.985000 295.974000 144692
8 228.389000 284.931000 130604
9 236.923000 275.285000 117245
10 227.968000 266.760000 104984
11 229.653000 259.475000 93309
12 229.219000 253.104000 82723
13 242.881000 247.551000 73149
14 246.846000 242.571000 64821
15 227.369000 238.215000 57327
16 230.249000 234.462000 50502
17 234.732000 231.120000 44561
18 239.542000 228.353000 38954
19 228.545000 225.783000 34355
20 228.663000 223.671000 29990
21 228.317000 221.785000 26264
22 227.110000 220.006000 23256
23 248.132000 218.491000 20473
24 229.636000 217.200000 17937
25 228.758000 216.128000 15596
26 229.204000 215.258000 13438
27 238.904000 214.473000 11647
28 420.220000 216.736000 13261
29 484.176000 224.728000 25930
30 515.065000 231.668000 33327
31 483.549000 237.859000 37377
32 546.407000 243.208000 38731
33 515.213000 247.888000 38408
34 515.850000 251.996000 37022
35 468.022000 255.529000 34832
36 343.576000 256.230000 27527
37 279.034000 251.262000 27908
38 285.085000 247.154000 28063
39 280.201000 243.427000 28118
40 311.737000 240.232000 27478
41 229.225000 236.474000 27559
42 228.203000 232.932000 27583
43 225.889000 229.921000 26709
44 228.607000 227.252000 25370
45 226.391000 224.903000 23725
46 225.512000 222.824000 21951
47 224.948000 220.927000 20257
48 226.950000 219.286000 18476
49 235.140000 217.947000 16534
50 236.005000 216.720000 14854
51 228.181000 215.493000 13596
52 229.392000 214.409000 12364
53 236.997000 213.547000 10997
54 230.090000 213.093000 9157
55 228.353000 212.553000 7948
56 227.178000 211.886000 7295
57 227.279000 211.435000 6373
58 245.922000 211.063000 5523
59 227.211000 210.587000 5095
60 228.136000 210.433000 4130
61 228.314000 210.168000 3627
62 227.696000 209.865000 3326
63 228.466000 209.679000 2867
64 227.159000 209.503000 2500
65 227.067000 209.351000 2180
66 227.650000 209.143000 2052
67 235.039000 209.012000 1801
68 228.093000 209.042000 1411
69 229.259000 208.916000 1310
70 230.060000 209.054000 1259
71 227.911000 208.901000 1251
72 226.913000 208.649000 1275
73 228.727000 208.661000 980
74 228.230000 208.603000 851
75 227.464000 208.451000 863
76 229.755000 208.473000 692
77 227.104000 208.308000 711
78 225.528000 208.102000 740
79 228.081000 208.101000 557
80 226.470000 208.044000 533
81 245.235000 208.000000 488
82 228.069000 208.134000 635
83 226.777000 208.012000 646
84 228.900000 208.133000 727
85 238.085000 208.347000 974
86 227.327000 208.377000 790
87 227.652000 208.379000 596
88 229.100000 208.451000 592
89 226.970000 208.242000 626
90 245.818000 208.175000 604
91 227.990000 208.125000 552
92 228.081000 208.230000 623
93 228.269000 208.353000 715
94 232.686000 208.330000 583
95 228.289000 208.312000 474
96 229.852000 208.478000 687
97 228.557000 208.473000 524
98 227.923000 208.500000 447
99 243.471000 208.254000 495
100 229.221000 208.345000 553
101 227.490000 208.448000 621
102 226.641000 208.350000 626
103 227.352000 208.373000 516
104 241.040000 208.274000 525
105 228.526000 208.258000 426
106 226.206000 208.259000 322
107 225.580000 208.182000 331
108 229.162000 208.273000 430
109 229.792000 208.441000 659
110 227.714000 208.445000 503
111 228.668000 208.594000 674
112 228.745000 208.596000 510
113 230.393000 208.365000 552
114 228.742000 208.365000 415
115 227.642000 208.393000 367
116 242.453000 208.424000 337
117 229.367000 208.521000 447
118 227.652000 208.526000 345
119 228.493000 208.492000 328
120 226.871000 208.412000 337
121 224.811000 208.202000 379
122 239.527000 207.925000 436
123 227.730000 208.001000 481
124 228.980000 208.103000 565
125 227.243000 208.095000 440
126 243.160000 208.439000 1018
127 228.032000 208.504000 893
128 226.913000 208.562000 786
129 227.338000 208.670000 806
130 227.638000 208.444000 837
131 250.453000 208.389000 738
132 230.107000 208.492000 760
133 228.282000 208.393000 760
134 231.445000 208.552000 889
135 241.898000 208.393000 901
136 231.334000 208.438000 766
137 229.861000 208.277000 782
138 230.914000 208.256000 628
139 479.604000 214.834000 13626
140 484.655000 223.079000 26710
141 514.988000 230.195000 34264
142 499.310000 236.450000 38209
143 468.063000 241.973000 39702
144 484.169000 246.816000 39464
145 321.368000 248.791000 33546
146 293.001000 245.059000 32624
147 282.257000 241.866000 30854
148 284.185000 239.334000 28204
149 277.669000 237.243000 25335
150 305.131000 234.970000 23548
151 294.195000 233.082000 21436
152 279.358000 231.044000 20153
153 283.745000 229.802000 17599
154 282.132000 228.491000 15821
155 275.485000 227.528000 13791
156 278.375000 226.535000 12330
157 293.392000 225.637000 11044
158 280.243000 224.644000 10269
159 282.838000 224.121000 8748
160 280.108000 223.767000 7269
161 279.652000 223.404000 6177
162 282.870000 223.015000 5410
163 288.538000 222.888000 4312
164 279.395000 222.135000 4365
165 303.996000 221.596000 4352
166 281.729000 221.292000 3873
167 282.709000 221.147000 3194
168 293.471000 220.920000 2849
169 289.128000 220.609000 2759
170 286.626000 220.552000 2184
171 283.503000 220.581000 1695
172 307.556000 220.693000 1497
173 286.434000 220.580000 1350
174 284.926000 220.779000 1412
175 287.362000 220.770000 1077
176 287.855000 220.758000 832
177 271.853000 220.276000 926
178 281.241000 220.048000 954
179 285.757000 219.967000 877
180 289.142000 220.300000 1323
181 277.763000 220.124000 1325
182 278.318000 219.558000 1425
183 326.520000 219.188000 1473
184 484.076000 226.873000 16475
185 514.963000 233.568000 25745
186 468.329000 239.459000 31092
187 483.780000 244.639000 33677
188 485.822000 249.272000 34525
189 482.537000 252.990000 33330
190 514.893000 256.418000 31854
191 468.731000 259.484000 30021
192 515.119000 262.088000 27724
193 483.913000 264.392000 25402
194 503.819000 266.425000 23118
195 499.608000 268.211000 20909
196 483.961000 269.743000 18747
197 468.460000 271.102000 16777
198 483.845000 272.283000 14945
199 484.268000 273.319000 13280
200 452.323000 272.219000 12159
[FINAL]:
Client Throughput=3.498673 Byte/s
AverageUPL=311.832000
    AverageRTT=224.970000
    tcpi_retransmits=0
    tcpi_rto=476000
    tcpi_lost=0
    tcpi_retrans=0
    tcpi_snd_cwnd=10
    tcpi_snd_ssthresh=2147483647
    tcpi_total_retrans=0
1 964.723000 495.339000 259632
2 484.459000 468.569000 248265
3 499.354000 445.111000 233114
4 515.601000 424.577000 215904
5 483.667000 406.628000 197825
6 483.767000 390.862000 179901
7 499.640000 377.098000 162454
8 515.349000 365.052000 145932
9 468.467000 352.562000 134431
10 499.349000 343.554000 118837
11 484.102000 335.709000 104819
12 515.066000 328.867000 92298
13 429.848000 322.867000 81223
14 470.872000 315.937000 74778
15 499.554000 311.521000 64916
16 468.808000 307.654000 56420
17 432.641000 304.215000 49192
18 471.643000 299.650000 46026
19 308.909000 291.286000 46678
20 276.431000 281.816000 47587
21 272.831000 274.008000 48051
22 279.001000 266.663000 48386
23 260.761000 259.260000 48725
24 237.169000 252.936000 48783
25 236.769000 247.350000 47760
26 238.525000 242.483000 45553
27 238.161000 238.166000 42800
28 255.840000 234.365000 39701
29 236.850000 231.108000 36291
30 237.397000 228.113000 33207
31 239.940000 225.809000 29515
32 237.845000 223.743000 26267
33 238.032000 221.965000 23256
34 239.020000 220.305000 20763
35 229.024000 218.593000 18996
36 249.554000 217.181000 17071
37 231.099000 216.100000 14964
38 230.014000 215.174000 13077
39 248.448000 214.224000 11707
40 240.577000 213.382000 10464
41 229.643000 212.607000 9397
42 229.527000 211.907000 8448
43 231.239000 211.637000 6876
44 229.742000 211.191000 6049
45 244.335000 210.734000 5451
46 230.361000 210.500000 4556
47 229.751000 210.196000 4025
48 227.346000 209.781000 3850
49 236.395000 209.512000 3425
50 226.847000 209.259000 3074
51 227.921000 209.169000 2485
52 225.033000 209.019000 2164
53 228.499000 208.902000 1858
54 247.070000 208.692000 1814
55 227.541000 208.500000 1745
56 227.360000 208.449000 1409
57 228.556000 208.404000 1147
58 229.188000 208.308000 1053
59 228.665000 208.292000 820
60 227.940000 208.355000 740
61 227.301000 208.209000 753
62 228.349000 208.225000 599
63 229.758000 208.111000 609
64 227.539000 208.031000 609
65 226.837000 208.014000 491
66 228.361000 208.040000 419
67 228.697000 208.105000 446
68 246.032000 207.844000 497
69 226.363000 207.779000 497
70 226.389000 207.724000 483
71 227.514000 207.686000 439
72 231.180000 207.972000 901
73 228.123000 207.954000 712
74 227.154000 208.017000 660
75 229.395000 208.072000 605
76 227.211000 207.989000 607
77 242.020000 207.734000 652
78 227.913000 207.784000 587
79 226.598000 207.821000 516
80 228.237000 207.881000 505
81 237.359000 207.789000 512
82 237.169000 207.811000 429
83 228.006000 207.856000 411
84 227.267000 207.816000 389
85 227.520000 207.940000 542
86 245.869000 207.757000 570
87 227.935000 207.801000 516
88 228.250000 207.835000 455
89 227.273000 207.946000 563
90 239.817000 208.153000 836
91 227.525000 208.090000 751
92 228.480000 208.026000 692
93 230.112000 208.172000 812
94 226.771000 208.016000 825
95 243.071000 208.044000 677
96 227.256000 208.089000 596
97 227.310000 208.159000 587
98 226.849000 208.131000 495
99 227.407000 208.093000 447
100 226.954000 207.982000 461
101 230.719000 208.060000 502
102 227.469000 208.012000 473
103 228.188000 208.068000 469
104 231.433000 208.085000 384
105 227.674000 208.060000 337
106 228.079000 208.123000 378
107 230.757000 208.326000 689
108 226.990000 208.325000 519
109 230.054000 208.126000 553
110 227.325000 208.057000 552
111 226.941000 208.090000 481
112 228.369000 208.007000 487
113 239.657000 208.340000 1030
114 228.209000 208.346000 786
115 227.421000 208.255000 772
116 225.953000 208.241000 608
117 227.408000 208.164000 608
118 246.439000 208.005000 628
119 227.536000 208.259000 978
120 227.104000 208.426000 1067
121 227.727000 208.414000 825
122 236.467000 208.311000 823
123 228.312000 208.275000 690
124 228.347000 208.087000 716
125 229.254000 208.099000 562
126 536.377000 215.914000 16050
127 464.703000 224.067000 28344
128 531.056000 231.112000 35348
129 468.190000 237.297000 38882
130 467.738000 242.697000 39961
131 500.204000 247.508000 39593
132 484.403000 251.635000 37948
133 467.650000 255.174000 35540
134 468.358000 258.363000 33032
135 530.978000 261.387000 30822
136 499.448000 263.737000 27817
137 499.416000 265.838000 25065
138 468.400000 267.705000 22533
139 499.901000 269.319000 20128
140 499.472000 270.715000 17887
141 515.035000 272.037000 16060
142 468.486000 273.143000 14257
143 515.048000 274.080000 12565
144 484.208000 274.913000 11091
145 499.057000 275.604000 9700
146 515.553000 276.364000 8796
147 499.564000 276.916000 7701
148 484.726000 277.396000 6736
149 467.659000 277.736000 5732
150 546.478000 278.113000 5052
151 452.830000 278.450000 4463
152 490.603000 278.722000 3891
153 468.913000 278.953000 3381
154 499.182000 279.102000 2833
155 499.386000 279.275000 2472
156 362.948000 277.069000 2946
157 287.449000 270.059000 4607
158 276.485000 263.520000 6097
159 280.418000 257.805000 7335
160 286.396000 253.051000 8295
161 285.298000 249.223000 8992
162 291.823000 245.748000 9580
163 287.157000 242.617000 10063
164 314.078000 239.814000 10449
165 275.397000 236.929000 10844
166 283.207000 234.886000 11016
167 285.365000 232.904000 11167
168 282.121000 231.201000 11244
169 288.161000 229.512000 11314
170 281.201000 228.138000 11235
171 280.697000 226.696000 11244
172 283.597000 225.500000 10825
173 281.861000 224.700000 9720
174 284.054000 223.842000 9005
175 318.383000 223.409000 7620
176 278.938000 223.023000 6486
177 283.443000 222.720000 5472
178 281.751000 222.294000 4955
179 270.115000 221.918000 4469
180 282.795000 221.694000 3800
181 283.377000 221.516000 3205
182 294.561000 220.820000 3279
183 277.443000 220.559000 2980
184 281.505000 220.330000 2693
185 276.832000 219.971000 2699
186 311.170000 220.124000 2329
187 278.017000 219.991000 2011
188 282.691000 220.004000 1533
189 285.165000 220.316000 1775
190 283.705000 219.943000 1812
191 285.023000 219.764000 1718
192 287.829000 219.478000 1736
193 293.571000 219.438000 1383
194 337.671000 219.494000 1150
195 468.506000 227.175000 16225
196 515.037000 233.899000 25615
197 483.983000 239.834000 31082
198 514.676000 244.863000 33370
199 468.357000 249.407000 34116
200 484.153000 251.380000 29531
[FINAL]:
Client Throughput=3.160772 Byte/s
AverageUPL=347.432000
    AverageRTT=235.744000
    tcpi_retransmits=0
    tcpi_rto=452000
    tcpi_lost=0
    tcpi_retrans=0
    tcpi_snd_cwnd=10
    tcpi_snd_ssthresh=2147483647
    tcpi_total_retrans=0
