1 0.088000 254.837000 127418
2 964.330000 219.782000 2011
3 398.315000 218.922000 104
4 359.428000 218.564000 65
5 355.373000 219.078000 391
6 344.845000 210.460000 1024
7 329.491000 209.800000 1348
8 319.822000 208.751000 155
9 326.242000 209.079000 864
10 319.880000 209.033000 99
11 318.821000 208.134000 430
12 317.435000 207.870000 469
13 316.531000 207.213000 576
14 316.454000 207.793000 598
15 315.029000 207.251000 556
16 315.073000 208.884000 580
17 316.489000 208.223000 492
18 316.588000 208.847000 383
19 316.357000 208.149000 359
20 316.934000 208.749000 710
21 315.295000 208.252000 413
22 316.503000 208.531000 455
23 315.656000 208.409000 509
24 316.114000 208.183000 469
25 315.631000 208.162000 187
26 316.509000 208.303000 163
27 315.132000 208.093000 86
28 315.296000 208.207000 392
29 316.364000 208.151000 533
30 316.477000 208.474000 577
31 315.868000 208.113000 267
32 316.478000 208.409000 438
33 314.822000 208.257000 445
34 315.687000 208.194000 222
35 315.634000 207.933000 295
36 314.998000 207.779000 251
37 315.502000 207.805000 282
38 315.346000 208.036000 351
39 316.224000 208.240000 170
40 315.032000 207.705000 471
41 315.682000 208.090000 279
42 315.143000 207.929000 248
43 315.567000 207.871000 227
44 315.927000 207.971000 443
45 315.242000 207.688000 108
46 315.912000 207.775000 271
47 314.634000 207.740000 256
48 316.341000 207.797000 628
49 316.656000 208.026000 532
50 315.591000 208.038000 538
51 316.332000 208.062000 186
52 314.096000 208.065000 666
53 315.629000 207.869000 178
54 319.621000 208.427000 694
55 315.728000 208.084000 445
56 316.056000 208.085000 249
57 314.963000 207.940000 271
58 314.873000 208.265000 608
59 315.346000 207.836000 494
60 314.701000 208.018000 410
61 316.631000 207.920000 328
62 314.102000 208.065000 523
63 315.244000 207.779000 306
64 316.108000 208.084000 496
65 315.623000 207.864000 303
66 461.536000 337.491000 18062
67 827.498000 281.651000 1107
68 796.911000 280.903000 824
69 827.699000 279.553000 2517
70 827.996000 281.000000 927
71 709.046000 222.394000 7698
72 636.751000 219.252000 940
73 577.760000 218.759000 340
74 542.633000 218.800000 279
75 522.590000 219.919000 1435
76 498.315000 217.817000 6903
77 481.721000 212.299000 1155
78 475.057000 212.081000 553
79 463.652000 211.704000 1127
80 458.869000 212.396000 645
81 453.296000 211.323000 883
82 452.445000 212.079000 1342
83 444.488000 208.976000 871
84 441.274000 208.229000 769
85 441.192000 208.687000 481
86 438.305000 208.615000 638
87 441.205000 208.592000 610
88 437.944000 208.928000 170
89 437.869000 208.580000 705
90 439.388000 209.365000 1670
91 436.355000 208.759000 1005
92 432.942000 208.672000 771
93 434.131000 208.077000 561
94 434.351000 208.541000 1032
95 433.566000 208.322000 579
96 435.026000 208.280000 1065
97 433.771000 208.078000 627
98 434.188000 208.083000 806
99 434.249000 207.957000 791
100 433.692000 207.991000 576
101 433.679000 207.569000 767
102 435.307000 207.988000 1006
103 435.680000 207.773000 1004
104 433.219000 207.867000 849
105 431.341000 207.323000 625
106 430.980000 207.371000 507
107 431.179000 207.901000 434
108 434.058000 207.733000 961
109 432.825000 207.711000 710
110 430.608000 207.190000 428
111 431.230000 207.324000 803
112 432.957000 207.584000 834
113 432.719000 207.884000 750
114 430.887000 207.532000 689
115 430.221000 207.130000 504
116 430.031000 207.195000 738
117 432.575000 207.437000 643
118 429.417000 207.404000 727
119 431.809000 207.644000 603
120 429.786000 207.490000 663
121 427.863000 207.346000 420
122 429.728000 207.582000 1132
123 427.139000 207.577000 456
124 425.961000 207.040000 591
125 426.166000 207.493000 401
126 427.844000 208.007000 476
127 427.353000 207.485000 863
128 426.897000 207.394000 634
129 427.373000 207.461000 1048
130 425.270000 207.588000 599
131 428.179000 207.966000 1083
132 425.388000 207.549000 685
133 426.814000 207.319000 540
134 426.564000 207.478000 501
135 427.054000 207.936000 668
136 425.195000 207.495000 465
137 426.327000 207.180000 735
138 427.012000 207.615000 782
139 427.515000 207.508000 994
140 427.273000 207.308000 809
141 427.373000 207.248000 950
142 426.873000 207.687000 338
143 428.422000 207.583000 882
144 425.899000 207.137000 426
145 426.719000 207.617000 966
146 424.903000 207.436000 614
147 426.517000 207.073000 791
148 426.851000 207.557000 834
149 429.024000 207.948000 873
150 426.111000 207.521000 551
151 426.425000 208.017000 727
152 426.838000 207.137000 632
153 425.071000 207.053000 542
154 425.753000 206.988000 1000
155 424.505000 207.139000 570
156 424.824000 207.014000 692
157 424.110000 206.960000 598
158 424.506000 207.552000 593
159 423.860000 206.748000 345
160 425.434000 207.208000 801
161 425.072000 207.174000 765
162 427.231000 206.612000 628
163 427.258000 207.531000 459
164 426.506000 207.257000 538
165 427.785000 207.592000 807
166 427.250000 207.636000 697
167 426.877000 207.042000 841
168 427.886000 207.636000 922
169 425.382000 207.183000 550
170 424.873000 207.082000 635
171 427.609000 207.456000 802
172 425.672000 207.095000 387
173 426.266000 207.457000 644
174 427.440000 206.744000 929
175 426.864000 207.201000 759
176 427.985000 206.944000 1105
177 426.288000 207.383000 676
178 486.624000 250.042000 26555
179 828.064000 281.598000 944
180 827.807000 280.569000 1321
181 827.790000 281.771000 1021
182 828.140000 281.756000 890
183 827.683000 281.676000 936
184 828.912000 281.865000 923
185 826.952000 281.613000 962
186 697.662000 220.328000 1338
187 615.274000 219.520000 1167
188 563.368000 218.535000 149
189 535.806000 221.002000 1483
190 513.529000 220.567000 1139
191 492.204000 213.946000 925
192 478.464000 214.100000 673
193 464.603000 210.744000 1225
194 461.570000 211.074000 1669
195 454.278000 210.726000 714
196 451.568000 211.730000 1067
197 452.288000 209.725000 492
198 447.892000 209.611000 156
199 444.297000 208.917000 1366
200 444.713000 209.124000 624
[FINAL]:
Server Throughput=233300.384709 Byte/s
AverageUPL=467.531000
    AverageRTT=214.015000
    tcpi_retransmits=0
    tcpi_rto=412000
    tcpi_lost=0
    tcpi_retrans=0
    tcpi_snd_cwnd=134
    tcpi_snd_ssthresh=34
    tcpi_total_retrans=0
1 0.143000 213.473000 106736
2 853.597000 208.888000 292
3 358.299000 209.231000 794
4 330.076000 208.726000 1146
5 324.308000 209.384000 182
6 321.740000 209.068000 856
7 319.511000 209.840000 471
8 319.511000 209.538000 174
9 324.498000 209.936000 540
10 319.520000 209.541000 674
11 319.514000 209.545000 168
12 319.375000 209.684000 220
13 321.327000 209.529000 780
14 319.511000 209.471000 256
15 318.258000 208.854000 832
16 320.001000 209.206000 934
17 779.559000 280.693000 1238
18 827.745000 281.740000 956
19 812.291000 280.609000 1234
20 827.922000 281.637000 834
21 694.423000 271.724000 11153
22 830.205000 281.596000 782
23 827.688000 281.673000 960
24 827.826000 281.499000 699
25 1078.136000 281.724000 894
26 827.658000 280.796000 687
27 812.055000 280.824000 483
28 828.422000 280.298000 1686
29 814.362000 279.775000 4145
30 827.761000 280.772000 1146
31 827.688000 281.685000 1044
32 828.109000 281.678000 983
33 827.855000 281.438000 708
34 827.827000 281.608000 745
35 827.940000 281.516000 1124
36 827.766000 281.426000 734
37 828.305000 281.818000 884
38 827.654000 281.661000 1131
39 852.367000 281.684000 1728
40 829.152000 280.834000 1453
41 826.758000 281.580000 898
42 1089.365000 281.565000 1151
43 827.781000 276.995000 4032
44 828.009000 281.711000 879
45 827.782000 281.550000 682
46 832.990000 281.399000 857
47 828.132000 281.837000 1087
48 827.921000 281.611000 857
49 704.619000 220.893000 2099
50 626.299000 219.023000 1348
51 569.058000 219.949000 947
52 542.590000 218.750000 238
53 519.491000 218.747000 314
54 505.962000 219.339000 1615
55 498.429000 219.056000 2074
56 490.298000 219.631000 1503
57 480.166000 218.794000 285
58 472.343000 218.795000 280
59 468.677000 218.858000 148
60 461.942000 214.956000 1231
61 457.243000 210.770000 688
62 453.558000 211.364000 873
63 450.464000 210.839000 1105
64 448.435000 211.619000 1464
65 444.706000 210.570000 724
66 444.431000 210.701000 1055
67 441.376000 211.024000 1367
68 443.867000 210.705000 705
69 436.798000 209.317000 822
70 438.754000 208.654000 264
71 437.021000 208.725000 447
72 436.710000 207.820000 385
73 436.916000 207.839000 506
74 439.069000 208.299000 1084
75 434.567000 207.946000 348
76 435.923000 208.076000 825
77 433.620000 207.659000 182
78 434.903000 208.506000 469
79 434.697000 208.206000 473
80 434.934000 207.979000 881
81 434.065000 208.222000 752
82 431.899000 208.350000 1014
83 435.589000 208.081000 776
84 433.075000 207.982000 351
85 432.271000 207.717000 419
86 432.394000 208.113000 445
87 431.182000 208.068000 723
88 432.450000 208.114000 703
89 431.853000 207.740000 819
90 432.605000 207.791000 931
91 433.857000 208.370000 728
92 430.437000 208.140000 375
93 429.870000 208.099000 530
94 430.842000 208.113000 501
95 430.780000 207.507000 474
96 430.683000 207.709000 1029
97 429.031000 207.795000 361
98 429.880000 208.229000 389
99 429.364000 207.527000 786
100 431.475000 208.049000 1009
101 429.625000 207.843000 677
102 428.327000 207.588000 853
103 427.941000 207.407000 898
104 430.180000 208.143000 878
105 426.789000 207.784000 632
106 428.088000 207.988000 470
107 426.687000 207.454000 479
108 428.411000 207.801000 692
109 429.850000 208.032000 1383
110 427.734000 207.764000 711
111 427.389000 207.341000 778
112 426.103000 206.991000 341
113 425.733000 207.918000 412
114 427.038000 207.689000 604
115 425.540000 207.532000 573
116 426.815000 207.398000 772
117 425.188000 206.811000 728
118 426.115000 207.812000 814
119 424.497000 207.058000 596
120 425.262000 207.034000 686
121 425.409000 207.199000 520
122 425.332000 207.575000 726
123 427.064000 207.775000 636
124 424.330000 206.797000 832
125 425.376000 207.460000 611
126 424.656000 206.770000 492
127 426.584000 206.932000 688
128 426.541000 207.449000 788
129 427.663000 207.334000 968
130 426.724000 207.162000 1056
131 427.458000 207.787000 566
132 426.354000 206.825000 643
133 428.121000 207.404000 1004
134 427.941000 206.910000 551
135 427.141000 207.436000 694
136 425.931000 207.351000 813
137 425.507000 207.582000 804
138 427.226000 207.422000 749
139 424.991000 207.513000 414
140 426.560000 207.417000 663
141 426.485000 207.131000 637
142 428.343000 207.511000 737
143 427.328000 207.448000 878
144 426.202000 207.054000 411
145 426.827000 207.443000 753
146 427.824000 207.396000 597
147 428.676000 207.131000 932
148 427.657000 207.146000 848
149 426.329000 207.013000 709
150 425.628000 206.483000 597
151 429.588000 207.989000 910
152 426.890000 207.812000 654
153 523.797000 264.902000 16726
154 812.172000 280.947000 809
155 827.931000 281.245000 174
156 469.028000 219.317000 1480
157 441.224000 218.819000 318
158 438.711000 215.858000 272
159 439.697000 215.569000 243
160 434.256000 211.722000 743
161 434.603000 210.453000 686
162 433.749000 209.764000 1223
163 428.048000 208.994000 899
164 429.804000 208.684000 216
165 427.795000 208.384000 660
166 430.483000 208.465000 723
167 427.421000 208.048000 459
168 430.040000 208.828000 1328
169 428.145000 208.378000 627
170 426.714000 207.894000 470
171 427.750000 207.468000 1121
172 427.205000 207.433000 474
173 428.134000 208.287000 761
174 427.032000 207.480000 982
175 426.196000 207.862000 777
176 428.076000 207.577000 1029
177 426.883000 207.791000 1005
178 426.126000 207.428000 596
179 426.862000 207.093000 649
180 424.713000 207.598000 637
181 426.150000 207.461000 666
182 426.550000 207.617000 1091
183 426.460000 207.185000 655
184 426.638000 207.538000 618
185 427.256000 207.251000 845
186 424.826000 207.405000 577
187 424.668000 207.701000 1039
188 427.427000 207.561000 1032
189 426.736000 207.739000 889
190 425.632000 207.758000 123
191 425.840000 207.630000 270
192 424.921000 207.888000 438
193 426.431000 208.049000 535
194 425.584000 207.315000 626
195 425.804000 207.368000 519
196 425.128000 207.053000 211
197 427.025000 207.751000 681
198 426.352000 207.003000 1076
199 426.179000 207.539000 1043
200 428.493000 207.294000 730
[FINAL]:
Server Throughput=200660.822240 Byte/s
AverageUPL=436.746000
    AverageRTT=210.074000
    tcpi_retransmits=0
    tcpi_rto=408000
    tcpi_lost=0
    tcpi_retrans=0
    tcpi_snd_cwnd=140
    tcpi_snd_ssthresh=52
    tcpi_total_retrans=0
1 0.154000 219.092000 109546
2 844.771000 207.423000 451
3 354.951000 207.234000 739
4 330.003000 207.485000 1126
5 320.818000 206.655000 369
6 318.413000 207.080000 567
7 317.097000 206.661000 1013
8 316.218000 206.626000 929
9 319.549000 207.528000 2533
10 315.339000 206.829000 370
11 317.621000 208.362000 664
12 315.316000 208.679000 401
13 316.674000 209.453000 885
14 316.334000 208.581000 334
15 315.917000 208.175000 473
16 316.001000 208.443000 512
17 315.701000 208.075000 314
18 315.644000 208.146000 489
19 315.860000 208.093000 423
20 316.406000 208.204000 223
21 316.139000 208.349000 216
22 316.220000 208.224000 194
23 315.994000 208.248000 397
24 316.842000 208.628000 442
25 316.551000 208.635000 465
26 316.259000 208.061000 440
27 315.877000 208.309000 260
28 316.433000 208.258000 475
29 316.026000 208.270000 482
30 314.977000 207.948000 288
31 316.841000 208.228000 438
32 315.544000 208.239000 358
33 315.123000 208.102000 427
34 316.223000 208.201000 403
35 316.269000 208.196000 212
36 315.453000 208.165000 300
37 315.051000 208.084000 507
38 316.267000 208.099000 338
39 316.963000 208.053000 506
40 315.195000 208.168000 651
41 315.814000 208.244000 388
42 315.876000 208.144000 417
43 315.699000 208.329000 496
44 315.702000 208.351000 453
45 316.351000 208.483000 458
46 315.584000 208.321000 231
47 316.158000 208.122000 498
48 316.383000 208.436000 402
49 316.530000 208.516000 453
50 314.521000 208.187000 146
51 314.644000 208.217000 677
52 316.554000 208.408000 496
53 316.133000 208.571000 184
54 315.073000 208.191000 284
55 316.209000 208.423000 205
56 316.319000 207.884000 340
57 316.058000 208.138000 134
58 314.218000 207.922000 497
59 314.172000 208.038000 476
60 314.982000 208.128000 310
61 316.309000 208.311000 476
62 315.274000 208.167000 459
63 316.195000 208.116000 444
64 315.948000 208.437000 213
65 315.032000 208.212000 493
66 314.454000 208.012000 192
67 316.087000 208.265000 433
68 314.884000 208.264000 338
69 316.115000 208.164000 475
70 315.824000 208.241000 385
71 315.506000 208.246000 203
72 315.155000 207.927000 260
73 314.963000 208.217000 504
74 315.728000 208.072000 260
75 314.890000 208.075000 259
76 316.058000 208.158000 366
77 316.550000 208.413000 251
78 315.502000 207.872000 324
79 316.613000 208.507000 413
80 315.489000 208.206000 341
81 316.634000 208.276000 502
82 315.704000 208.103000 350
83 315.649000 208.127000 294
84 315.162000 208.208000 339
85 315.421000 208.299000 495
86 314.750000 207.913000 226
87 316.402000 208.389000 284
88 315.284000 208.047000 438
89 316.281000 208.260000 514
90 314.920000 207.759000 511
91 315.516000 207.978000 203
92 316.314000 208.292000 485
93 316.320000 208.270000 540
94 315.959000 208.163000 389
95 314.845000 208.074000 487
96 314.385000 208.129000 549
97 315.747000 208.336000 377
98 316.254000 208.231000 377
99 315.861000 208.226000 345
100 315.518000 208.086000 422
101 316.623000 208.275000 617
102 315.816000 208.105000 482
103 314.539000 208.140000 492
104 314.499000 208.029000 520
105 314.816000 208.223000 452
106 315.991000 208.172000 243
107 315.970000 208.263000 449
108 315.888000 208.227000 487
109 315.699000 208.208000 377
110 314.601000 208.127000 189
111 315.795000 208.377000 491
112 316.666000 208.466000 781
113 316.190000 208.077000 356
114 315.855000 208.076000 226
115 314.551000 208.093000 386
116 314.684000 208.065000 457
117 315.436000 208.227000 490
118 314.703000 207.939000 249
119 728.884000 280.384000 1689
120 812.331000 281.540000 770
121 1077.995000 279.339000 2503
122 714.660000 226.964000 8266
123 629.544000 219.755000 1536
124 577.695000 218.768000 248
125 542.610000 219.072000 678
126 523.186000 218.794000 245
127 504.475000 218.882000 165
128 492.387000 219.206000 236
129 483.992000 218.811000 339
130 480.247000 218.821000 308
131 474.359000 218.077000 298
132 462.506000 211.578000 503
133 461.923000 211.174000 969
134 456.837000 211.458000 435
135 449.432000 210.708000 671
136 447.620000 211.267000 1255
137 447.870000 211.120000 612
138 449.652000 210.568000 1324
139 448.514000 211.343000 799
140 442.989000 210.281000 759
141 442.720000 208.969000 653
142 443.933000 209.026000 965
143 437.610000 207.633000 478
144 435.547000 207.819000 481
145 436.521000 207.575000 957
146 435.601000 208.237000 300
147 436.506000 208.328000 981
148 434.502000 208.232000 483
149 435.410000 208.319000 902
150 431.445000 207.895000 517
151 432.093000 207.512000 428
152 434.940000 208.322000 776
153 434.291000 207.839000 653
154 435.201000 208.254000 968
155 430.931000 207.660000 1002
156 434.435000 208.539000 630
157 433.171000 208.150000 479
158 431.104000 208.002000 429
159 433.569000 207.744000 711
160 432.821000 207.995000 742
161 433.766000 207.935000 732
162 433.455000 207.566000 600
163 432.869000 207.825000 1131
164 432.555000 207.600000 567
165 431.886000 207.699000 852
166 434.259000 208.142000 759
167 432.272000 207.193000 392
168 431.393000 207.653000 473
169 432.703000 207.738000 479
170 433.180000 208.041000 649
171 433.185000 208.003000 380
172 433.591000 207.302000 961
173 434.790000 208.035000 995
174 433.542000 207.857000 837
175 435.405000 207.997000 909
176 434.408000 208.065000 926
177 433.619000 207.628000 544
178 432.370000 207.310000 488
179 431.201000 207.386000 629
180 434.143000 208.462000 971
181 433.184000 207.852000 670
182 434.460000 208.023000 948
183 432.860000 207.778000 829
184 434.084000 207.857000 1384
185 434.772000 207.635000 950
186 432.131000 207.705000 718
187 431.521000 207.645000 779
188 431.930000 207.579000 599
189 431.033000 207.282000 320
190 432.439000 207.686000 721
191 430.544000 207.301000 619
192 433.323000 207.611000 1326
193 431.840000 207.700000 566
194 433.258000 207.641000 1264
195 430.301000 207.615000 630
196 430.365000 207.279000 406
197 430.959000 207.727000 880
198 432.580000 208.139000 882
199 431.400000 207.769000 546
200 430.988000 207.887000 446
[FINAL]:
Server Throughput=264332.613216 Byte/s
AverageUPL=437.989000
    AverageRTT=211.561000
    tcpi_retransmits=0
    tcpi_rto=408000
    tcpi_lost=0
    tcpi_retrans=0
    tcpi_snd_cwnd=138
    tcpi_snd_ssthresh=48
    tcpi_total_retrans=0
1 0.138000 213.076000 106538
2 845.218000 207.079000 348
3 356.682000 210.001000 1682
4 343.788000 212.498000 429
5 338.857000 212.408000 179
6 424.726000 275.638000 32335
7 765.174000 279.892000 2653
8 812.482000 281.068000 210
9 827.918000 281.725000 1145
10 625.912000 224.544000 7762
11 527.403000 214.543000 3366
12 525.449000 219.470000 1896
13 507.452000 218.787000 264
14 501.567000 220.259000 436
15 488.212000 218.816000 215
16 486.200000 219.856000 1694
17 480.802000 218.855000 315
18 471.737000 218.532000 261
19 472.906000 218.907000 94
20 468.512000 218.911000 314
21 468.640000 218.739000 261
22 468.059000 218.672000 204
23 468.427000 218.732000 257
24 472.150000 218.606000 278
25 469.369000 218.904000 370
26 469.123000 219.858000 338
27 468.516000 218.904000 442
28 464.643000 218.825000 282
29 464.996000 219.260000 132
30 464.764000 218.783000 278
31 688.225000 279.431000 3947
32 818.449000 279.660000 1092
33 782.162000 284.528000 5617
34 828.060000 281.862000 930
35 827.744000 281.605000 955
36 827.920000 281.770000 1115
37 827.934000 281.720000 881
38 1311.971000 278.767000 1476
39 828.289000 281.732000 810
40 828.022000 281.732000 919
41 828.167000 281.740000 777
42 832.467000 281.792000 1751
43 828.267000 282.023000 1323
44 827.796000 281.715000 983
45 828.112000 281.954000 1097
46 827.755000 281.662000 906
47 827.789000 281.588000 1024
48 828.035000 280.174000 1439
49 828.133000 281.783000 837
50 828.245000 276.341000 7855
51 827.942000 281.551000 860
52 828.157000 281.757000 827
53 827.716000 278.704000 2589
54 828.009000 281.659000 754
55 827.729000 281.748000 940
56 827.826000 281.553000 1004
57 828.015000 281.736000 978
58 827.989000 281.634000 920
59 828.110000 281.571000 726
60 827.691000 280.122000 1118
61 828.043000 281.573000 1041
62 827.818000 281.743000 867
63 1077.787000 281.688000 1004
64 827.852000 281.702000 957
65 827.993000 281.676000 836
66 827.804000 279.411000 1881
67 828.318000 280.015000 2139
68 827.732000 281.677000 931
69 816.494000 281.554000 463
70 827.309000 281.663000 992
71 827.756000 281.594000 1124
72 828.284000 281.148000 578
73 827.775000 281.937000 1159
74 834.402000 281.664000 961
75 827.722000 281.668000 1061
76 831.395000 278.365000 4402
77 827.820000 281.527000 630
78 828.233000 279.292000 2586
79 813.623000 279.988000 1430
80 825.591000 281.551000 955
81 828.108000 281.751000 857
82 827.916000 281.666000 897
83 827.880000 281.684000 948
84 827.854000 280.079000 3269
85 828.243000 281.601000 1096
86 827.588000 281.653000 953
87 828.085000 281.783000 967
88 827.777000 280.988000 643
89 827.776000 281.724000 1218
90 824.129000 281.268000 1254
91 689.827000 211.537000 4843
92 604.459000 208.638000 771
93 548.759000 209.229000 866
94 515.537000 208.358000 623
95 495.534000 209.208000 1035
96 479.326000 207.643000 637
97 469.113000 207.951000 1031
98 460.705000 207.658000 513
99 453.852000 207.693000 832
100 449.529000 207.847000 745
101 445.709000 207.518000 311
102 445.878000 208.769000 818
103 442.790000 207.820000 754
104 440.335000 207.718000 980
105 437.671000 207.859000 737
106 439.245000 207.730000 989
107 438.577000 208.085000 961
108 433.753000 207.305000 438
109 434.876000 208.577000 876
110 432.668000 208.112000 419
111 434.969000 207.767000 1393
112 433.278000 208.084000 815
113 431.660000 207.320000 449
114 434.209000 208.229000 847
115 434.285000 208.210000 595
116 434.042000 208.081000 785
117 431.927000 207.614000 524
118 434.995000 207.943000 1004
119 433.239000 208.172000 662
120 432.592000 207.670000 471
121 431.704000 207.686000 523
122 432.691000 207.938000 949
123 588.603000 273.894000 13170
124 813.746000 281.523000 863
125 827.861000 280.997000 672
126 827.818000 281.672000 950
127 827.876000 281.685000 998
128 828.078000 281.365000 509
129 827.994000 281.548000 917
130 827.836000 281.751000 1318
131 828.056000 281.677000 931
132 828.368000 281.816000 762
133 1278.958000 271.045000 3483
134 698.815000 219.404000 1609
135 613.870000 218.684000 1494
136 565.746000 218.305000 762
137 523.975000 212.894000 716
138 503.767000 211.860000 660
139 486.790000 210.833000 551
140 477.536000 211.293000 395
141 469.219000 211.022000 450
142 461.291000 210.682000 580
143 456.343000 210.829000 607
144 450.117000 209.991000 1185
145 445.050000 210.315000 597
146 444.319000 210.247000 790
147 440.788000 209.444000 695
148 443.389000 208.657000 919
149 441.491000 208.232000 638
150 441.575000 208.262000 964
151 437.779000 207.904000 333
152 438.738000 207.668000 701
153 439.278000 208.256000 611
154 437.512000 207.740000 782
155 434.400000 207.730000 697
156 434.773000 208.072000 348
157 436.864000 208.027000 696
158 434.685000 207.959000 725
159 432.362000 207.902000 422
160 431.774000 207.688000 483
161 432.850000 207.424000 724
162 430.974000 207.741000 716
163 430.707000 207.468000 610
164 433.271000 207.830000 510
165 434.291000 207.798000 915
166 432.293000 207.525000 507
167 434.726000 208.102000 760
168 432.594000 207.774000 833
169 432.599000 207.757000 543
170 432.581000 207.659000 522
171 432.225000 207.761000 641
172 433.993000 207.945000 841
173 432.612000 207.321000 624
174 432.558000 207.473000 626
175 432.184000 207.532000 616
176 430.955000 207.374000 509
177 432.360000 207.469000 924
178 432.402000 207.677000 574
179 432.108000 207.581000 668
180 433.546000 207.537000 1283
181 434.067000 207.742000 690
182 430.341000 207.650000 597
183 430.609000 207.777000 712
184 433.110000 207.679000 1042
185 431.793000 207.126000 977
186 430.104000 207.083000 650
187 431.482000 207.343000 518
188 430.165000 207.774000 400
189 431.929000 207.789000 1022
190 430.985000 207.242000 535
191 430.629000 207.495000 793
192 626.078000 207.195000 514
193 434.255000 208.085000 1120
194 434.139000 207.766000 853
195 429.379000 207.410000 548
196 429.017000 207.674000 684
197 429.818000 207.167000 718
198 428.441000 207.563000 496
199 428.228000 207.389000 951
200 429.208000 208.111000 822
[FINAL]:
Server Throughput=167498.217149 Byte/s
AverageUPL=490.841000
    AverageRTT=216.368000
    tcpi_retransmits=0
    tcpi_rto=412000
    tcpi_lost=0
    tcpi_retrans=0
    tcpi_snd_cwnd=140
    tcpi_snd_ssthresh=50
    tcpi_total_retrans=0
1 0.130000 209.599000 104799
2 846.639000 207.860000 588
3 352.723000 207.632000 684
4 330.006000 207.541000 423
5 322.350000 207.424000 791
6 319.026000 207.117000 345
7 317.861000 208.583000 475
8 319.263000 208.274000 620
9 316.053000 208.506000 530
10 315.016000 208.583000 537
11 317.774000 209.268000 476
12 314.677000 208.212000 618
13 316.789000 208.894000 612
14 318.252000 209.228000 682
15 316.377000 208.457000 590
16 316.727000 208.618000 489
17 316.731000 208.476000 467
18 315.514000 208.596000 431
19 316.123000 208.464000 445
20 316.948000 208.604000 548
21 316.643000 208.609000 272
22 316.124000 208.360000 553
23 315.972000 208.608000 424
24 316.909000 208.433000 378
25 315.701000 208.265000 385
26 316.622000 208.313000 475
27 315.810000 208.307000 259
28 316.414000 208.335000 444
29 313.983000 207.658000 577
30 316.420000 208.478000 331
31 315.972000 208.192000 347
32 314.568000 208.014000 425
33 314.111000 207.727000 520
34 315.765000 208.247000 343
35 315.295000 207.873000 121
36 316.388000 208.086000 646
37 316.024000 208.200000 450
38 315.669000 208.348000 139
39 315.718000 208.022000 440
40 315.946000 208.266000 422
41 315.760000 208.217000 481
42 315.839000 208.296000 391
43 316.049000 208.293000 281
44 315.734000 208.224000 284
45 315.367000 208.104000 122
46 315.862000 208.113000 136
47 315.718000 208.360000 123
48 315.439000 208.117000 262
49 313.838000 207.680000 460
50 315.826000 208.077000 481
51 315.996000 208.186000 453
52 315.586000 207.974000 434
53 315.362000 208.146000 421
54 314.448000 208.225000 459
55 313.614000 207.847000 383
56 314.108000 207.688000 590
57 314.712000 208.100000 359
58 315.817000 207.964000 473
59 315.754000 207.959000 468
60 315.908000 208.178000 385
61 317.575000 208.342000 1002
62 315.247000 207.992000 146
63 315.219000 207.882000 463
64 315.771000 208.054000 197
65 315.861000 208.069000 433
66 316.307000 208.236000 490
67 316.137000 208.320000 429
68 316.170000 208.094000 475
69 315.926000 208.121000 641
70 314.984000 208.204000 420
71 315.708000 208.118000 244
72 315.657000 207.910000 393
73 314.335000 207.792000 342
74 314.758000 207.872000 225
75 315.998000 208.190000 661
76 315.059000 208.024000 426
77 316.209000 208.240000 447
78 314.767000 208.097000 193
79 315.841000 207.954000 512
80 315.692000 207.929000 333
81 336.979000 222.852000 10963
82 827.479000 281.113000 540
83 828.505000 281.713000 960
84 827.278000 281.580000 1027
85 828.236000 280.366000 1501
86 819.246000 267.026000 15526
87 828.143000 281.682000 903
88 827.825000 279.524000 1898
89 827.893000 281.637000 960
90 828.081000 281.692000 985
91 812.470000 279.020000 1521
92 827.560000 280.285000 1355
93 812.095000 279.754000 1657
94 828.153000 281.722000 940
95 827.907000 281.710000 1019
96 825.460000 278.341000 1641
97 827.887000 280.256000 1487
98 828.053000 279.911000 2108
99 1077.804000 281.679000 900
100 827.965000 281.798000 957
101 827.891000 281.657000 951
102 827.823000 281.660000 930
103 853.848000 280.880000 6199
104 828.045000 280.311000 1475
105 823.909000 283.204000 8009
106 827.976000 279.338000 2696
107 827.949000 281.913000 1286
108 827.851000 281.729000 893
109 827.990000 281.781000 1096
110 822.369000 276.588000 1386
111 827.932000 281.709000 832
112 827.992000 280.928000 589
113 827.985000 281.506000 631
114 827.898000 281.708000 977
115 734.298000 226.159000 9055
116 669.629000 220.284000 1220
117 599.453000 218.992000 517
118 558.028000 218.556000 279
119 529.047000 218.801000 235
120 513.547000 220.647000 428
121 498.235000 219.454000 1530
122 490.167000 220.375000 824
123 484.584000 219.028000 179
124 476.038000 215.300000 1133
125 461.715000 212.811000 658
126 460.906000 212.589000 977
127 450.015000 209.031000 437
128 449.836000 209.719000 461
129 447.001000 208.147000 863
130 445.497000 207.886000 809
131 444.105000 208.448000 732
132 440.532000 209.055000 513
133 440.652000 208.662000 548
134 438.606000 207.849000 641
135 437.439000 207.938000 684
136 434.235000 206.881000 491
137 436.013000 207.645000 734
138 433.665000 207.570000 907
139 433.128000 207.174000 971
140 433.803000 207.571000 1023
141 432.281000 207.573000 499
142 433.693000 207.809000 770
143 432.150000 207.492000 635
144 430.306000 207.516000 724
145 433.150000 207.685000 924
146 431.029000 207.246000 415
147 433.004000 207.506000 844
148 433.088000 207.955000 770
149 431.837000 207.786000 536
150 431.662000 207.359000 590
151 430.334000 207.421000 601
152 432.701000 207.543000 936
153 431.384000 207.350000 634
154 431.192000 207.685000 718
155 432.670000 207.713000 889
156 432.211000 207.246000 1086
157 431.493000 207.539000 508
158 432.048000 207.655000 552
159 433.346000 208.017000 616
160 432.683000 207.713000 726
161 431.450000 206.542000 440
162 432.237000 207.435000 550
163 432.729000 207.328000 465
164 433.980000 207.650000 1031
165 434.202000 207.558000 880
166 432.680000 207.436000 565
167 433.328000 207.454000 1022
168 431.211000 207.417000 605
169 628.398000 207.489000 447
170 432.593000 207.117000 566
171 432.512000 207.458000 642
172 432.251000 207.073000 485
173 433.297000 207.178000 469
174 432.927000 207.582000 659
175 431.893000 207.495000 514
176 433.657000 207.509000 472
177 434.282000 207.650000 892
178 431.820000 207.590000 657
179 637.164000 277.376000 7112
180 827.927000 281.735000 1070
181 856.199000 283.295000 3822
182 828.586000 281.972000 1026
183 827.556000 281.125000 411
184 839.334000 283.246000 6405
185 828.406000 281.648000 772
186 827.937000 281.690000 1210
187 1311.901000 281.557000 781
188 827.972000 281.637000 851
189 805.942000 276.634000 7132
190 827.971000 281.629000 771
191 819.900000 280.097000 2140
192 827.816000 281.638000 898
193 827.774000 280.838000 669
194 812.594000 279.555000 1788
195 826.301000 280.468000 1403
196 828.041000 281.634000 975
197 827.890000 281.579000 814
198 827.819000 280.745000 779
199 827.927000 278.946000 2233
200 828.072000 281.709000 1012
[FINAL]:
Server Throughput=197632.038138 Byte/s
AverageUPL=593.763000
    AverageRTT=235.370000
    tcpi_retransmits=0
    tcpi_rto=484000
    tcpi_lost=0
    tcpi_retrans=0
    tcpi_snd_cwnd=76
    tcpi_snd_ssthresh=42
    tcpi_total_retrans=0
1 624.980000 295.175000 17868
2 312.437000 306.943000 10703
3 531.020000 487.147000 57335
4 468.691000 429.427000 38093
5 515.317000 475.602000 49086
6 484.926000 438.360000 44261
7 515.379000 444.699000 70498
8 483.855000 442.760000 49087
9 483.896000 436.795000 44549
10 515.599000 460.467000 59858
11 483.981000 442.782000 41659
12 500.026000 454.850000 43827
13 500.081000 460.136000 46569
14 499.675000 461.075000 43984
15 455.444000 421.554000 41934
16 515.181000 471.557000 52290
17 484.179000 446.993000 42103
18 515.443000 462.741000 50590
19 484.439000 447.638000 44441
20 484.444000 433.621000 55541
21 530.684000 463.711000 70950
22 516.223000 463.259000 58060
23 483.668000 447.185000 41384
24 468.367000 423.211000 49030
25 500.109000 448.508000 53222
26 483.690000 437.805000 51747
27 484.819000 448.547000 46316
28 442.216000 423.342000 25823
29 515.534000 462.494000 58246
30 468.869000 434.524000 41393
31 483.718000 431.010000 54300
32 468.919000 433.827000 42246
33 500.250000 451.184000 54029
34 483.697000 438.752000 42236
35 487.654000 442.193000 46329
36 500.097000 462.644000 43181
37 483.788000 434.582000 47611
38 500.127000 455.965000 41557
39 515.263000 460.252000 54421
40 515.726000 470.688000 46190
41 469.102000 424.846000 44161
42 499.392000 464.151000 45651
43 499.886000 450.571000 48248
44 484.045000 449.690000 43575
45 499.858000 456.409000 40576
46 515.628000 463.047000 56384
47 468.739000 427.353000 40607
48 484.227000 430.584000 45920
49 499.545000 452.041000 59374
50 484.304000 441.280000 53604
51 484.123000 440.651000 48878
52 531.005000 472.449000 65049
53 500.055000 457.494000 43567
54 483.952000 438.808000 52207
55 517.328000 458.428000 61724
56 398.451000 358.212000 40546
57 515.155000 473.544000 50831
58 531.201000 469.920000 58960
59 502.187000 458.439000 42842
60 497.655000 449.506000 48250
61 515.425000 467.612000 54044
62 499.622000 460.648000 50843
63 531.522000 474.085000 60079
64 484.726000 450.348000 40664
65 499.162000 451.401000 52111
66 484.403000 439.757000 44624
67 483.978000 439.683000 41761
68 500.074000 444.259000 56212
69 483.938000 437.897000 49196
70 484.372000 445.917000 47818
71 484.831000 444.249000 50460
72 546.270000 485.657000 69165
73 484.094000 431.453000 50985
74 499.657000 465.363000 44711
75 515.819000 482.287000 43281
76 515.684000 457.360000 62825
77 468.384000 437.591000 38458
78 515.436000 462.489000 64122
79 484.302000 446.202000 44185
80 515.455000 450.311000 57744
81 495.730000 445.673000 49250
82 500.040000 450.363000 53092
83 514.937000 465.800000 47196
84 562.567000 499.547000 68237
85 484.273000 437.288000 43027
86 484.216000 437.959000 52570
87 499.970000 456.826000 43238
88 468.353000 431.899000 42709
89 531.335000 479.229000 54616
90 469.025000 423.488000 49434
91 515.074000 476.191000 55520
92 499.937000 451.919000 46357
93 499.859000 452.521000 54734
94 484.171000 437.666000 50029
95 499.844000 454.645000 55646
96 495.062000 448.249000 50093
97 468.366000 410.958000 58143
98 499.939000 443.111000 51443
99 500.108000 449.202000 51247
100 484.161000 448.388000 47009
101 483.981000 433.893000 55981
102 499.990000 454.808000 43793
103 515.223000 478.866000 48182
104 515.616000 478.079000 47370
105 515.580000 453.750000 60255
106 515.505000 475.786000 46274
107 484.304000 442.763000 41613
108 499.851000 454.838000 47324
109 515.467000 467.093000 55614
110 561.907000 495.183000 67628
111 562.473000 505.785000 66535
112 547.228000 491.606000 64392
113 515.226000 458.679000 59029
114 531.070000 482.104000 58071
115 484.323000 430.055000 53023
116 515.536000 460.647000 59203
117 499.634000 448.296000 50440
118 535.453000 475.130000 62221
119 484.396000 445.201000 45446
120 483.956000 439.383000 44734
121 499.903000 437.928000 60589
122 499.896000 429.099000 66105
123 499.952000 449.685000 57478
124 453.053000 413.692000 42374
125 499.804000 448.980000 47568
126 483.974000 443.890000 45364
127 499.983000 461.907000 43711
128 468.741000 437.387000 39471
129 531.014000 474.322000 58544
130 499.840000 459.628000 39828
131 499.940000 465.941000 44222
132 484.894000 449.889000 39221
133 489.934000 450.339000 46372
134 483.503000 445.365000 46991
135 499.822000 440.979000 59610
136 484.165000 434.238000 48298
137 448.907000 415.084000 40601
138 499.766000 453.706000 45099
139 483.857000 439.929000 52548
140 484.528000 443.795000 40518
141 499.857000 443.310000 57864
142 530.891000 493.726000 49376
143 515.832000 472.124000 43756
144 499.986000 464.755000 43177
145 484.074000 441.194000 39633
146 530.951000 481.749000 57939
147 516.860000 453.204000 46086
148 531.349000 489.219000 49912
149 484.292000 445.140000 43545
150 499.704000 458.043000 49579
151 484.362000 446.903000 43432
152 499.570000 446.363000 57428
153 515.695000 475.002000 47883
154 484.533000 441.668000 46745
155 311.669000 308.917000 3249
156 225.959000 221.646000 3018
157 225.021000 221.212000 4296
158 250.228000 243.931000 7478
159 239.836000 233.335000 6363
160 240.731000 234.012000 6737
161 238.903000 232.511000 6139
162 238.428000 233.509000 4994
163 249.369000 241.260000 8596
164 241.926000 236.678000 6209
165 238.179000 232.336000 6643
166 240.065000 232.176000 6693
167 249.625000 240.160000 10320
168 231.669000 225.700000 4652
169 232.109000 225.325000 5449
170 230.232000 225.215000 4520
171 233.051000 227.196000 5167
172 231.925000 224.591000 4937
173 231.242000 224.840000 5089
174 254.789000 244.585000 10782
175 249.732000 242.343000 6924
176 254.378000 243.787000 9694
177 231.709000 226.021000 4739
178 231.395000 224.233000 5705
179 228.812000 223.398000 5060
180 235.134000 230.623000 4698
181 229.187000 223.505000 4414
182 229.003000 222.685000 5217
183 244.650000 237.853000 8611
184 228.154000 223.668000 4032
185 248.873000 237.643000 9462
186 229.551000 223.383000 4579
187 228.872000 223.533000 5327
188 228.155000 223.535000 4644
189 233.916000 228.963000 5865
190 227.877000 222.080000 4519
191 229.164000 223.030000 5145
192 227.786000 222.706000 4214
193 238.291000 232.391000 5829
194 246.939000 238.083000 7834
195 228.017000 222.713000 4042
196 228.488000 221.811000 4486
197 229.783000 224.866000 5460
198 238.867000 232.295000 6240
199 228.086000 222.187000 4835
200 228.508000 223.512000 5604
[FINAL]:
Server Throughput=228371.343955 Byte/s
AverageUPL=380.584000
    AverageRTT=352.501000
    tcpi_retransmits=0
    tcpi_rto=424000
    tcpi_lost=0
    tcpi_retrans=0
    tcpi_snd_cwnd=140
    tcpi_snd_ssthresh=140
    tcpi_total_retrans=0
1 421.388000 208.959000 2064
2 211.020000 209.838000 977
3 229.944000 224.053000 5984
4 228.390000 222.471000 4109
5 228.390000 222.688000 3879
6 228.213000 223.506000 5332
7 228.099000 223.542000 5017
8 228.048000 222.344000 5243
9 228.195000 223.218000 5173
10 228.296000 223.386000 5023
11 226.775000 221.566000 4416
12 240.170000 231.438000 8393
13 227.570000 221.780000 4963
14 245.005000 236.106000 8910
15 227.630000 222.726000 4429
16 244.300000 235.385000 8308
17 229.800000 225.168000 4674
18 229.170000 223.913000 5268
19 229.493000 222.474000 5378
20 239.768000 228.098000 9824
21 226.882000 222.467000 3892
22 227.421000 221.863000 4865
23 234.717000 229.381000 4801
24 243.681000 234.883000 8406
25 245.360000 236.506000 8416
26 245.020000 236.810000 8751
27 246.457000 237.499000 9021
28 229.382000 224.050000 4241
29 228.760000 222.955000 4016
30 233.666000 223.268000 7506
31 229.803000 223.842000 4819
32 229.417000 222.508000 5750
33 228.729000 222.442000 5408
34 227.531000 223.065000 4517
35 228.132000 222.390000 4692
36 229.265000 222.831000 5561
37 230.121000 223.750000 5551
38 228.458000 223.400000 4980
39 228.139000 221.803000 5400
40 227.011000 222.789000 4620
41 234.941000 230.242000 5244
42 227.634000 222.271000 4676
43 228.287000 222.836000 5390
44 227.286000 222.146000 5102
45 229.829000 223.842000 6183
46 227.965000 222.368000 5396
47 230.697000 223.777000 5557
48 227.981000 221.710000 5369
49 227.565000 221.455000 4849
50 242.884000 235.135000 8266
51 229.148000 222.988000 5264
52 226.585000 222.214000 4760
53 229.076000 222.539000 5398
54 230.180000 222.903000 4708
55 228.601000 222.406000 5260
56 228.321000 221.733000 5075
57 229.774000 223.244000 5419
58 228.533000 222.373000 5225
59 246.779000 236.034000 10456
60 226.767000 222.247000 3875
61 228.793000 222.029000 5202
62 227.773000 222.114000 5001
63 227.252000 220.951000 4141
64 227.694000 222.839000 5450
65 228.367000 221.585000 4626
66 226.270000 221.872000 4839
67 227.325000 222.827000 4377
68 229.491000 223.785000 5790
69 227.781000 222.784000 5164
70 229.467000 222.995000 5597
71 227.277000 221.562000 4736
72 225.872000 221.461000 4628
73 238.456000 231.549000 7701
74 226.332000 222.601000 3977
75 230.376000 225.015000 4597
76 228.597000 224.912000 4259
77 234.396000 228.766000 5231
78 229.204000 224.593000 4355
79 229.491000 223.811000 4490
80 229.473000 223.510000 4355
81 227.745000 222.078000 4708
82 247.631000 238.349000 8966
83 229.861000 224.350000 3678
84 224.563000 220.028000 3494
85 228.732000 223.669000 4421
86 236.555000 229.034000 7649
87 227.565000 223.176000 4613
88 228.569000 222.641000 4903
89 229.223000 221.956000 4845
90 223.866000 219.891000 4234
91 243.504000 234.719000 9510
92 228.286000 222.617000 4663
93 228.246000 223.048000 4155
94 230.614000 225.739000 4942
95 228.954000 223.309000 4494
96 227.578000 221.825000 4742
97 226.724000 222.384000 4218
98 228.771000 222.629000 5099
99 230.190000 223.772000 4974
100 227.796000 222.292000 4329
101 228.154000 222.601000 4318
102 227.984000 222.030000 4847
103 228.817000 223.337000 5415
104 229.091000 223.080000 5229
105 230.159000 224.897000 4511
106 228.466000 222.383000 4770
107 226.576000 221.544000 4316
108 230.663000 224.461000 6519
109 229.762000 224.760000 4299
110 227.632000 222.971000 4916
111 227.697000 222.188000 4185
112 227.661000 223.286000 4823
113 229.557000 222.881000 4799
114 246.507000 236.125000 8810
115 229.123000 222.845000 4271
116 227.849000 222.568000 3706
117 228.162000 223.372000 4772
118 240.330000 232.644000 7379
119 229.212000 223.501000 4095
120 228.046000 222.005000 4947
121 225.511000 222.305000 3419
122 228.830000 223.392000 4134
123 246.414000 238.398000 8025
124 230.071000 225.213000 4051
125 226.544000 220.840000 4492
126 229.204000 223.250000 4815
127 229.655000 223.560000 4640
128 227.991000 223.317000 4011
129 231.563000 225.448000 5319
130 228.330000 223.600000 4672
131 229.586000 224.767000 4921
132 242.371000 233.049000 8413
133 228.578000 223.795000 4822
134 227.592000 223.538000 4584
135 228.119000 223.106000 4071
136 227.680000 222.694000 5052
137 228.373000 223.220000 4212
138 228.096000 223.433000 4212
139 244.107000 237.024000 8676
140 245.062000 236.145000 8314
141 247.948000 238.732000 8827
142 246.068000 238.054000 8502
143 244.831000 236.674000 7365
144 247.117000 237.257000 8662
145 233.424000 227.153000 4446
146 229.837000 224.302000 4760
147 230.163000 223.650000 4157
148 228.882000 224.144000 4085
149 227.459000 223.380000 4545
150 246.701000 238.867000 9296
151 228.716000 223.449000 5269
152 228.321000 222.166000 4261
153 228.413000 222.874000 5559
154 233.665000 225.607000 7512
155 250.244000 243.035000 11743
156 227.006000 222.119000 4522
157 228.332000 222.632000 5164
158 227.337000 222.427000 5017
159 244.664000 235.197000 8722
160 228.585000 222.840000 5828
161 228.570000 223.258000 4433
162 227.095000 222.348000 4973
163 233.785000 225.621000 7223
164 228.257000 222.187000 5050
165 227.458000 221.100000 5335
166 229.234000 222.802000 5550
167 227.378000 222.999000 4933
168 243.822000 236.300000 7499
169 228.920000 222.827000 4974
170 227.529000 222.217000 4990
171 228.537000 222.349000 5312
172 228.906000 223.477000 5507
173 238.923000 232.508000 5914
174 228.667000 222.880000 5013
175 228.254000 221.920000 5477
176 229.204000 222.410000 5703
177 235.389000 227.663000 8173
178 245.119000 236.371000 8191
179 229.734000 223.580000 5105
180 229.089000 222.411000 5087
181 228.172000 222.067000 5455
182 228.817000 223.333000 5441
183 227.665000 222.971000 5144
184 240.713000 232.052000 6980
185 227.238000 222.590000 4612
186 231.664000 224.357000 6389
187 227.963000 222.475000 4361
188 229.101000 222.564000 5607
189 228.751000 223.789000 4883
190 227.391000 222.168000 4642
191 451.906000 409.862000 48242
192 484.153000 435.464000 57988
193 524.440000 481.839000 54497
194 251.276000 254.003000 7766
195 499.752000 439.640000 75269
196 499.672000 456.313000 45076
197 484.215000 437.732000 52463
198 515.521000 463.570000 57132
199 499.704000 461.674000 44414
200 531.500000 484.609000 50830
[FINAL]:
Server Throughput=409389.470319 Byte/s
AverageUPL=256.063000
    AverageRTT=246.384000
    tcpi_retransmits=0
    tcpi_rto=768000
    tcpi_lost=0
    tcpi_retrans=0
    tcpi_snd_cwnd=140
    tcpi_snd_ssthresh=2147483647
    tcpi_total_retrans=0
1 440.622000 218.694000 3099
2 227.759000 223.422000 3808
3 274.903000 261.266000 16560
4 262.780000 252.648000 10231
5 260.574000 250.295000 10258
6 259.385000 250.074000 10672
7 271.560000 259.823000 14245
8 263.468000 251.957000 11634
9 259.670000 247.176000 12366
10 232.770000 227.494000 5083
11 230.765000 225.591000 5267
12 239.064000 232.674000 5521
13 233.756000 227.617000 5256
14 231.940000 225.769000 5792
15 233.765000 228.107000 6003
16 242.461000 234.024000 9424
17 232.048000 227.032000 4718
18 230.999000 225.120000 5252
19 229.110000 223.118000 4611
20 230.006000 223.706000 4333
21 229.589000 224.062000 4722
22 229.980000 224.081000 4764
23 228.589000 223.838000 4930
24 230.139000 223.967000 4711
25 229.050000 224.553000 4520
26 235.041000 229.237000 5532
27 228.341000 222.682000 4334
28 230.233000 224.327000 4636
29 229.187000 222.867000 5213
30 229.920000 225.232000 4634
31 228.413000 222.204000 4626
32 228.462000 222.017000 4913
33 229.784000 223.970000 4576
34 229.682000 224.410000 4559
35 229.314000 223.410000 4718
36 230.132000 224.411000 4166
37 232.522000 224.650000 6931
38 227.995000 222.436000 4423
39 246.279000 237.646000 8685
40 229.830000 223.719000 4635
41 229.002000 223.346000 4863
42 229.565000 223.775000 4849
43 235.885000 231.271000 5048
44 226.083000 222.290000 3576
45 228.933000 222.839000 4700
46 230.094000 223.425000 5231
47 227.481000 222.464000 4743
48 247.358000 237.821000 9098
49 229.647000 222.779000 4325
50 227.247000 223.282000 4173
51 228.316000 222.885000 4106
52 240.315000 233.616000 5127
53 234.369000 228.412000 6659
54 227.943000 223.386000 5043
55 228.648000 223.138000 4383
56 227.950000 222.369000 4485
57 241.927000 235.019000 6871
58 229.093000 224.195000 5444
59 228.033000 222.946000 4140
60 227.357000 222.632000 3702
61 228.067000 222.948000 4422
62 228.810000 221.861000 4898
63 227.701000 222.683000 5099
64 228.675000 222.965000 4014
65 229.190000 223.316000 4441
66 244.162000 234.206000 9146
67 227.943000 222.700000 4153
68 226.739000 221.924000 4643
69 230.069000 224.594000 5650
70 227.179000 222.185000 5076
71 229.546000 222.725000 4425
72 227.815000 222.313000 4222
73 228.795000 223.190000 4372
74 229.278000 223.551000 4792
75 229.197000 224.007000 5034
76 231.407000 226.359000 5254
77 228.314000 222.734000 4306
78 230.209000 225.229000 4322
79 226.981000 223.056000 4242
80 239.752000 232.979000 5981
81 228.763000 223.077000 4560
82 228.961000 222.753000 4629
83 228.903000 222.902000 4675
84 233.715000 227.975000 4665
85 228.339000 222.821000 4027
86 228.458000 222.930000 4261
87 230.746000 224.587000 6009
88 227.891000 223.432000 4787
89 248.853000 238.753000 9093
90 230.498000 225.000000 3785
91 228.389000 223.659000 3928
92 228.449000 222.988000 4646
93 239.710000 233.326000 5755
94 228.414000 223.402000 4028
95 229.133000 223.189000 4472
96 244.808000 237.294000 7823
97 229.712000 223.717000 4456
98 244.816000 236.714000 8614
99 228.232000 222.385000 4092
100 228.059000 223.230000 4841
101 230.311000 224.305000 4710
102 239.538000 234.571000 5277
103 229.990000 223.887000 4789
104 258.038000 242.048000 1116
105 484.177000 423.857000 65624
106 500.057000 444.555000 55592
107 499.632000 460.835000 46080
108 417.804000 397.457000 14884
109 468.593000 433.718000 39100
110 515.464000 471.046000 47275
111 499.756000 456.379000 40460
112 485.841000 441.769000 43943
113 482.603000 436.736000 44915
114 508.516000 462.603000 49289
115 266.947000 261.883000 5983
116 281.025000 269.117000 13410
117 278.811000 264.110000 16474
118 313.687000 294.173000 18837
119 282.792000 271.827000 13021
120 283.101000 270.762000 14203
121 282.935000 268.840000 14117
122 277.225000 263.288000 14280
123 236.434000 230.576000 5611
124 238.005000 231.855000 6202
125 235.678000 229.637000 6231
126 259.549000 249.128000 11262
127 231.964000 225.918000 4125
128 229.625000 224.829000 5228
129 232.449000 226.484000 5121
130 234.775000 229.812000 5602
131 230.029000 225.306000 4364
132 228.620000 223.828000 4044
133 227.769000 223.411000 3777
134 232.473000 225.032000 6218
135 247.572000 238.657000 8554
136 229.119000 223.442000 4840
137 230.080000 223.859000 4923
138 231.438000 224.752000 4800
139 236.965000 230.904000 5375
140 229.800000 224.144000 4547
141 229.239000 222.848000 4900
142 231.303000 224.307000 5452
143 227.660000 222.767000 4150
144 248.283000 238.648000 9444
145 229.465000 225.474000 4631
146 226.516000 220.630000 4306
147 227.797000 223.197000 3526
148 245.082000 236.561000 7907
149 230.066000 224.486000 3844
150 230.608000 224.853000 5858
151 228.428000 223.118000 4060
152 227.913000 223.592000 5178
153 246.035000 236.654000 8497
154 228.741000 223.544000 3926
155 232.093000 226.446000 6052
156 227.308000 223.141000 4583
157 237.141000 229.364000 8120
158 225.581000 221.655000 4364
159 228.083000 222.957000 5152
160 228.078000 222.952000 4690
161 228.674000 223.443000 4082
162 246.814000 237.368000 8982
163 228.070000 222.846000 3905
164 229.373000 222.964000 4988
165 229.587000 223.226000 4893
166 229.293000 222.518000 4412
167 228.238000 222.621000 4399
168 228.079000 222.641000 4553
169 227.470000 223.533000 3870
170 229.609000 224.507000 5260
171 232.944000 225.573000 6540
172 229.818000 223.608000 4249
173 228.196000 223.037000 3708
174 229.691000 222.994000 4472
175 228.256000 222.452000 4654
176 228.672000 222.786000 5377
177 228.467000 222.508000 4804
178 230.416000 224.781000 4507
179 228.509000 222.944000 4335
180 228.933000 223.534000 4979
181 228.398000 222.267000 3974
182 229.064000 222.399000 4716
183 227.127000 222.492000 4734
184 228.230000 222.882000 4159
185 248.465000 238.822000 8833
186 229.031000 223.964000 4351
187 227.512000 222.770000 4672
188 228.413000 222.856000 4352
189 235.725000 230.620000 5429
190 234.281000 227.113000 7678
191 227.228000 221.825000 4007
192 228.570000 223.081000 4695
193 228.132000 222.894000 4603
194 248.307000 238.903000 9268
195 227.132000 222.717000 3743
196 227.208000 222.340000 4085
197 229.219000 224.281000 5518
198 239.746000 229.909000 9102
199 230.507000 225.832000 4677
200 230.466000 225.132000 4567
[FINAL]:
Server Throughput=401990.197188 Byte/s
AverageUPL=261.764000
    AverageRTT=251.395000
    tcpi_retransmits=0
    tcpi_rto=428000
    tcpi_lost=0
    tcpi_retrans=0
    tcpi_snd_cwnd=140
    tcpi_snd_ssthresh=2147483647
    tcpi_total_retrans=0
1 423.683000 211.014000 2216
2 210.978000 209.435000 1429
3 225.601000 221.001000 4616
4 226.718000 221.584000 4054
5 226.984000 223.637000 4070
6 230.823000 225.665000 4985
7 229.471000 223.311000 5850
8 228.646000 222.867000 4743
9 243.602000 235.826000 6907
10 227.373000 222.209000 3720
11 228.191000 223.845000 4792
12 229.078000 222.812000 4818
13 226.974000 222.367000 3899
14 229.134000 224.577000 4586
15 228.860000 224.181000 5294
16 229.162000 222.889000 4892
17 238.413000 229.926000 7287
18 240.688000 231.788000 8063
19 229.406000 224.172000 4039
20 229.158000 223.337000 5353
21 228.198000 221.761000 4434
22 227.543000 222.305000 4227
23 228.341000 223.213000 4099
24 227.827000 222.341000 4304
25 228.494000 222.243000 4822
26 227.637000 223.002000 4623
27 226.889000 222.106000 3988
28 227.759000 222.498000 4023
29 227.491000 222.074000 4236
30 229.402000 222.330000 5213
31 228.459000 223.308000 6005
32 244.113000 235.737000 8028
33 227.765000 222.630000 3368
34 226.954000 221.784000 5352
35 231.620000 224.621000 5256
36 238.316000 228.647000 8247
37 228.910000 223.568000 4564
38 228.684000 222.227000 5046
39 230.193000 223.597000 5731
40 230.476000 225.644000 5084
41 244.027000 237.129000 7031
42 228.103000 222.497000 4283
43 228.860000 222.936000 4892
44 229.890000 222.930000 5675
45 226.781000 221.932000 4062
46 228.304000 223.001000 4716
47 227.876000 222.362000 5181
48 227.858000 222.438000 4260
49 227.802000 222.741000 4549
50 240.744000 232.524000 8979
51 226.615000 222.043000 4437
52 228.759000 223.696000 5203
53 227.726000 222.529000 4621
54 227.862000 221.731000 4706
55 229.167000 222.929000 4805
56 226.220000 221.735000 4535
57 227.367000 221.977000 4239
58 230.265000 224.389000 5587
59 228.003000 223.045000 4439
60 227.061000 221.765000 3978
61 227.892000 223.202000 4715
62 228.222000 223.275000 4259
63 227.754000 222.539000 4198
64 241.880000 233.779000 7742
65 228.021000 223.418000 4447
66 227.176000 223.331000 4220
67 242.736000 234.850000 7573
68 233.925000 228.027000 4458
69 227.518000 223.178000 4366
70 226.759000 221.438000 4449
71 228.876000 223.342000 4393
72 227.839000 222.156000 4706
73 246.906000 238.105000 8573
74 229.031000 223.263000 4389
75 228.900000 224.031000 4021
76 229.003000 223.156000 5166
77 238.886000 230.249000 8963
78 231.720000 224.888000 5480
79 230.848000 224.541000 4749
80 229.596000 222.735000 5596
81 229.323000 223.429000 4662
82 254.603000 243.000000 10378
83 230.449000 225.485000 4308
84 239.593000 232.449000 6266
85 228.838000 224.116000 5166
86 235.824000 229.969000 4872
87 230.412000 225.500000 3754
88 228.106000 222.557000 4323
89 226.893000 222.090000 3943
90 226.941000 222.206000 3883
91 245.932000 236.587000 8803
92 227.426000 222.843000 3297
93 229.176000 223.073000 5025
94 229.941000 224.153000 4969
95 234.431000 226.268000 6851
96 229.051000 223.579000 4315
97 243.712000 235.793000 7478
98 228.585000 223.286000 4102
99 226.652000 222.395000 3628
100 249.956000 239.837000 10540
101 244.210000 235.697000 8021
102 241.744000 234.251000 7999
103 242.998000 234.103000 7275
104 245.107000 235.645000 8911
105 243.094000 234.095000 8225
106 244.883000 235.352000 8727
107 230.910000 226.603000 4669
108 223.248000 220.170000 3297
109 236.099000 229.126000 7870
110 226.780000 221.254000 4998
111 225.902000 220.720000 4109
112 225.915000 221.400000 4536
113 232.374000 227.031000 5838
114 225.778000 221.247000 4662
115 227.620000 222.445000 5036
116 227.905000 222.067000 4996
117 236.962000 223.925000 7462
118 242.650000 234.224000 7791
119 225.656000 219.790000 4597
120 226.588000 220.679000 5099
121 224.673000 220.491000 4064
122 227.150000 221.928000 5244
123 226.308000 222.006000 5021
124 225.651000 220.945000 5234
125 226.066000 221.519000 4608
126 227.137000 222.601000 4598
127 234.470000 228.877000 6099
128 226.985000 221.326000 4690
129 227.835000 222.335000 4579
130 226.575000 221.430000 4287
131 227.221000 222.130000 5634
132 232.522000 227.144000 4807
133 225.680000 220.821000 4106
134 225.034000 220.463000 4366
135 224.929000 221.681000 3528
136 234.945000 228.758000 5936
137 227.173000 221.480000 4426
138 225.542000 220.561000 3909
139 226.112000 221.072000 4987
140 226.355000 222.237000 4901
141 243.078000 233.484000 8959
142 226.251000 220.738000 4635
143 224.346000 220.945000 3689
144 224.838000 219.781000 4616
145 225.903000 220.501000 4440
146 227.078000 222.187000 5481
147 225.356000 220.661000 4626
148 227.088000 221.126000 4887
149 226.902000 222.596000 4870
150 230.593000 225.855000 4681
151 223.393000 219.938000 3941
152 226.759000 221.628000 4458
153 226.558000 221.503000 4288
154 227.284000 223.416000 4750
155 241.839000 233.791000 8093
156 224.759000 220.679000 4342
157 225.790000 220.826000 4762
158 225.436000 221.367000 4936
159 235.526000 230.117000 6477
160 225.520000 220.589000 4148
161 227.349000 221.737000 4372
162 227.236000 222.526000 4605
163 227.395000 222.125000 4064
164 248.264000 238.448000 8710
165 227.719000 222.338000 3969
166 229.299000 223.617000 4513
167 228.699000 224.276000 4563
168 229.624000 224.479000 4394
169 228.550000 222.961000 4218
170 226.827000 221.897000 4954
171 240.161000 233.528000 6903
172 228.713000 223.812000 4575
173 261.578000 257.461000 6785
174 468.637000 434.630000 43445
175 499.666000 458.597000 41359
176 505.525000 457.405000 51360
177 515.280000 469.539000 49086
178 500.298000 458.905000 46572
179 499.321000 455.582000 45635
180 500.004000 463.463000 42280
181 484.605000 444.592000 49851
182 515.372000 469.327000 52819
183 484.052000 435.113000 47773
184 499.743000 454.042000 49724
185 468.764000 420.295000 48020
186 499.785000 464.429000 46852
187 468.720000 430.246000 43472
188 515.360000 463.248000 55780
189 499.914000 461.500000 44972
190 515.368000 464.356000 54807
191 499.968000 443.600000 48230
192 515.372000 472.357000 49823
193 484.423000 430.076000 56748
194 515.268000 471.429000 46364
195 484.508000 452.681000 39927
196 499.408000 451.458000 53826
197 500.192000 459.810000 50699
198 484.343000 453.500000 38466
199 515.739000 478.186000 47331
200 499.844000 459.985000 38490
[FINAL]:
Server Throughput=373534.965516 Byte/s
AverageUPL=302.599000
    AverageRTT=286.889000
    tcpi_retransmits=0
    tcpi_rto=704000
    tcpi_lost=0
    tcpi_retrans=0
    tcpi_snd_cwnd=140
    tcpi_snd_ssthresh=2147483647
    tcpi_total_retrans=0
1 443.863000 218.988000 4229
2 220.064000 220.349000 1382
3 260.980000 251.380000 10366
4 262.691000 252.374000 10515
5 261.426000 252.180000 10589
6 263.863000 254.892000 10304
7 231.000000 225.408000 4888
8 233.454000 226.821000 6740
9 236.660000 228.893000 7360
10 230.993000 225.544000 5449
11 237.595000 229.946000 5976
12 230.576000 225.041000 4734
13 232.037000 226.041000 4336
14 229.330000 223.442000 4322
15 229.984000 225.708000 4896
16 228.882000 223.899000 4120
17 228.276000 222.546000 4529
18 230.435000 225.136000 4584
19 228.883000 224.223000 4621
20 242.639000 235.898000 7634
21 228.805000 223.219000 4166
22 229.257000 223.541000 4485
23 228.301000 224.490000 4497
24 233.634000 228.479000 4488
25 229.452000 223.369000 4988
26 229.761000 223.751000 5579
27 230.955000 225.463000 5512
28 237.762000 229.405000 8221
29 248.612000 239.159000 8926
30 228.506000 222.782000 4111
31 227.969000 222.343000 4792
32 230.710000 224.600000 5604
33 236.202000 229.488000 4640
34 228.286000 222.141000 4545
35 226.729000 221.821000 4464
36 226.912000 221.686000 4422
37 227.781000 222.547000 4311
38 243.893000 234.459000 7281
39 227.477000 223.611000 4158
40 228.734000 223.450000 5524
41 230.107000 222.603000 5964
42 230.966000 223.783000 5610
43 230.046000 223.221000 6056
44 226.632000 221.817000 4077
45 228.109000 222.678000 5077
46 227.847000 221.876000 4890
47 247.070000 237.939000 8680
48 229.062000 222.654000 3884
49 226.902000 222.465000 3679
50 227.505000 222.217000 4791
51 227.503000 222.653000 4572
52 227.745000 221.378000 4329
53 230.402000 224.280000 5557
54 227.915000 222.497000 4556
55 227.967000 222.652000 5270
56 233.467000 227.248000 7295
57 227.401000 223.530000 4163
58 227.744000 222.231000 3694
59 228.679000 223.095000 5527
60 226.729000 221.418000 4641
61 235.305000 231.074000 5247
62 227.113000 223.023000 4453
63 227.101000 221.853000 4457
64 229.691000 222.683000 5912
65 232.728000 227.700000 4514
66 228.844000 222.222000 4665
67 227.802000 223.063000 4579
68 229.281000 223.982000 5360
69 226.988000 222.637000 4468
70 245.678000 236.548000 9045
71 227.772000 222.485000 3934
72 228.930000 222.772000 4294
73 227.731000 222.670000 4774
74 235.930000 228.245000 8106
75 246.547000 236.210000 7981
76 228.496000 222.468000 4008
77 229.821000 223.760000 4873
78 228.909000 224.090000 4381
79 248.338000 238.854000 8988
80 350.977000 304.640000 46013
81 483.131000 436.279000 50495
82 500.277000 435.496000 61729
83 468.837000 423.432000 42359
84 483.825000 446.085000 47367
85 484.235000 437.825000 43182
86 515.499000 465.176000 54147
87 484.490000 445.269000 37466
88 459.142000 434.881000 32537
89 279.773000 269.561000 10681
90 288.597000 273.453000 16128
91 284.119000 268.902000 16065
92 287.823000 273.629000 14462
93 287.754000 273.726000 14426
94 285.338000 272.716000 14243
95 304.514000 287.742000 17725
96 281.474000 269.192000 13908
97 285.369000 271.214000 14514
98 289.088000 273.018000 15749
99 320.399000 303.814000 20719
100 273.927000 266.331000 9247
101 282.977000 270.721000 14649
102 281.268000 268.909000 14284
103 279.346000 270.091000 11920
104 285.168000 268.850000 16803
105 287.006000 270.510000 17003
106 246.377000 240.331000 7235
107 236.635000 230.323000 6120
108 236.757000 231.993000 5295
109 238.405000 230.623000 7615
110 238.351000 231.618000 7066
111 245.025000 238.383000 6956
112 238.002000 232.588000 6059
113 237.723000 231.415000 6236
114 237.081000 229.766000 6229
115 232.610000 226.369000 5315
116 232.554000 226.844000 5048
117 235.595000 229.102000 6008
118 232.465000 226.774000 4799
119 230.350000 223.575000 5599
120 232.074000 226.016000 5487
121 250.624000 242.704000 9255
122 229.303000 224.261000 4916
123 229.211000 222.703000 5094
124 228.608000 223.176000 4204
125 231.791000 225.658000 5084
126 239.554000 232.842000 7598
127 229.613000 224.174000 4695
128 230.240000 225.192000 4473
129 229.430000 223.493000 5063
130 229.111000 223.029000 4760
131 229.258000 223.561000 4425
132 231.572000 226.583000 5048
133 229.537000 224.308000 4567
134 229.668000 223.928000 4370
135 227.235000 222.122000 5024
136 228.440000 223.090000 4305
137 228.064000 223.078000 4128
138 245.743000 237.437000 9219
139 228.265000 222.691000 4073
140 229.159000 223.495000 5012
141 229.187000 223.348000 4808
142 234.240000 229.525000 4842
143 228.539000 223.016000 4149
144 227.093000 221.828000 5406
145 229.624000 223.841000 4542
146 229.437000 223.929000 4539
147 248.815000 239.054000 9260
148 229.867000 225.107000 4618
149 228.631000 223.503000 4760
150 227.302000 221.504000 4485
151 240.441000 232.684000 8889
152 222.909000 220.104000 3223
153 233.762000 227.796000 5798
154 229.908000 223.598000 4401
155 228.876000 223.723000 4420
156 248.339000 238.979000 8580
157 230.093000 223.020000 5033
158 229.655000 223.378000 4759
159 229.095000 223.266000 4888
160 233.514000 226.423000 6812
161 228.497000 223.800000 4149
162 227.859000 222.812000 4334
163 226.520000 221.589000 4131
164 227.028000 222.658000 3586
165 243.238000 234.348000 8560
166 228.681000 222.319000 4052
167 227.481000 223.701000 4101
168 229.414000 222.921000 4229
169 227.529000 222.485000 4490
170 242.610000 234.343000 7989
171 228.825000 223.300000 4866
172 227.114000 222.926000 4654
173 229.632000 222.683000 5787
174 230.901000 224.374000 5923
175 227.130000 222.159000 4468
176 227.673000 221.566000 4634
177 227.309000 221.889000 4182
178 227.770000 222.510000 4711
179 231.933000 227.487000 4716
180 231.005000 223.505000 5658
181 227.354000 222.429000 3763
182 229.896000 222.648000 5906
183 227.453000 222.017000 4369
184 227.828000 223.189000 5245
185 228.162000 221.672000 4239
186 226.342000 221.146000 4134
187 227.547000 221.942000 4639
188 244.521000 235.736000 8520
189 228.995000 223.411000 4506
190 227.671000 222.518000 4297
191 227.276000 221.871000 4728
192 243.828000 236.382000 7816
193 227.247000 222.761000 3925
194 228.357000 222.090000 5273
195 227.365000 222.111000 4679
196 228.371000 223.190000 4802
197 247.499000 237.450000 10526
198 227.951000 223.340000 4776
199 226.790000 222.159000 4321
200 226.040000 220.774000 4693
[FINAL]:
Server Throughput=402050.837197 Byte/s
AverageUPL=234.441000
    AverageRTT=228.121000
    tcpi_retransmits=0
    tcpi_rto=424000
    tcpi_lost=0
    tcpi_retrans=0
    tcpi_snd_cwnd=140
    tcpi_snd_ssthresh=2147483647
    tcpi_total_retrans=0
