1 0.151000 214.978000 107489
2 862.464000 211.791000 1527
3 358.421000 208.569000 772
4 337.339000 213.532000 1426
5 334.745000 209.806000 768
6 324.236000 208.504000 684
7 319.857000 208.386000 783
8 317.457000 208.696000 703
9 317.402000 208.616000 427
10 318.351000 208.930000 755
11 317.521000 208.517000 463
12 316.412000 208.302000 797
13 316.542000 208.810000 579
14 316.468000 208.458000 351
15 316.376000 208.367000 330
16 316.080000 208.245000 520
17 316.038000 208.177000 245
18 314.815000 208.481000 528
19 316.538000 208.703000 530
20 315.521000 208.201000 552
21 315.275000 208.377000 473
22 315.468000 208.246000 895
23 315.921000 208.386000 325
24 315.284000 208.289000 399
25 316.709000 208.400000 531
26 315.577000 207.994000 486
27 315.541000 208.236000 492
28 315.893000 208.266000 228
29 316.474000 208.165000 625
30 316.014000 207.994000 498
31 316.392000 208.373000 376
32 316.118000 208.349000 440
33 316.150000 208.463000 96
34 316.561000 208.453000 389
35 316.466000 208.236000 633
36 315.867000 208.030000 411
37 315.263000 208.104000 310
38 314.232000 207.783000 466
39 315.718000 208.194000 276
40 314.470000 207.905000 506
41 316.280000 208.117000 306
42 315.501000 208.029000 258
43 315.558000 208.154000 152
44 316.053000 208.140000 367
45 315.893000 208.249000 199
46 315.874000 208.303000 388
47 315.621000 208.279000 45
48 315.286000 208.096000 152
49 316.344000 208.300000 385
50 315.692000 208.210000 387
51 316.264000 208.298000 358
52 315.481000 208.166000 224
53 315.444000 208.211000 168
54 315.801000 208.201000 400
55 316.130000 208.265000 431
56 315.497000 208.296000 212
57 316.338000 208.227000 435
58 315.422000 207.931000 366
59 316.010000 208.140000 522
60 315.896000 208.276000 332
61 316.005000 208.139000 490
62 314.659000 208.205000 269
63 314.716000 207.955000 321
64 315.259000 208.095000 435
65 315.865000 208.171000 224
66 316.193000 207.955000 529
67 317.601000 208.661000 1062
68 315.050000 207.833000 250
69 315.484000 207.996000 493
70 316.325000 208.464000 293
71 316.239000 208.291000 444
72 316.389000 208.052000 486
73 315.756000 208.235000 438
74 315.533000 208.068000 466
75 316.007000 208.366000 171
76 316.306000 208.370000 324
77 315.934000 208.362000 519
78 316.332000 207.976000 386
79 316.140000 208.198000 478
80 315.424000 208.199000 242
81 315.726000 207.902000 182
82 316.258000 208.273000 387
83 315.543000 207.945000 397
84 314.946000 207.790000 308
85 315.588000 207.897000 231
86 315.142000 207.898000 255
87 315.789000 207.975000 408
88 315.997000 208.170000 270
89 314.159000 207.857000 336
90 315.623000 208.013000 155
91 316.329000 208.413000 294
92 314.733000 207.466000 345
93 315.269000 207.864000 348
94 315.339000 208.228000 345
95 315.110000 207.802000 179
96 315.287000 207.791000 187
97 315.269000 207.829000 330
98 315.817000 207.735000 493
99 314.308000 207.868000 458
100 315.553000 207.753000 381
101 315.490000 208.104000 208
102 315.666000 208.086000 354
103 315.559000 208.117000 289
104 315.490000 208.121000 166
105 314.543000 208.139000 748
106 314.311000 207.861000 431
107 316.235000 208.056000 295
108 315.578000 207.804000 405
109 315.620000 208.155000 172
110 315.547000 207.996000 417
111 315.513000 207.754000 470
112 315.002000 207.923000 425
113 314.919000 207.920000 106
114 314.356000 207.921000 284
115 315.619000 207.966000 228
116 315.752000 207.833000 425
117 315.294000 208.224000 187
118 316.435000 208.350000 339
119 316.213000 207.943000 417
120 316.475000 207.943000 592
121 315.597000 208.006000 413
122 314.335000 208.476000 1386
123 315.275000 207.869000 331
124 315.254000 207.837000 256
125 314.796000 207.850000 386
126 314.200000 207.953000 432
127 315.124000 207.855000 91
128 315.513000 207.892000 204
129 315.514000 207.852000 368
130 315.392000 208.116000 263
131 315.760000 208.211000 193
132 314.567000 207.741000 426
133 316.578000 208.051000 321
134 315.370000 208.125000 423
135 315.535000 208.083000 256
136 316.996000 207.989000 388
137 315.595000 208.211000 408
138 315.201000 208.011000 361
139 314.547000 207.885000 435
140 315.667000 207.999000 330
141 315.238000 208.147000 216
142 315.890000 208.031000 447
143 314.732000 207.909000 499
144 314.970000 208.136000 231
145 316.073000 207.945000 420
146 316.172000 208.101000 347
147 315.258000 208.070000 119
148 314.367000 207.937000 539
149 314.598000 207.745000 447
150 738.980000 280.255000 2027
151 812.163000 280.089000 1821
152 828.019000 281.780000 1092
153 828.890000 281.748000 983
154 826.911000 281.544000 996
155 1060.986000 271.605000 4269
156 699.300000 219.972000 1223
157 612.455000 218.890000 450
158 563.225000 218.732000 251
159 534.777000 218.762000 276
160 517.470000 219.437000 290
161 494.074000 212.685000 1563
162 479.947000 211.907000 1240
163 468.804000 211.871000 1038
164 460.502000 211.468000 536
165 456.042000 209.157000 610
166 448.412000 208.893000 817
167 449.345000 209.257000 864
168 442.983000 208.890000 970
169 441.519000 208.181000 668
170 441.993000 208.486000 1119
171 440.665000 208.054000 1343
172 435.169000 207.327000 806
173 437.952000 207.688000 1012
174 437.813000 207.622000 1106
175 433.746000 207.515000 331
176 433.340000 207.631000 363
177 433.952000 207.319000 315
178 433.594000 207.658000 556
179 433.510000 207.425000 992
180 434.206000 208.022000 837
181 434.423000 208.354000 794
182 433.235000 208.407000 753
183 430.399000 207.424000 540
184 433.028000 207.614000 429
185 432.806000 208.017000 497
186 431.684000 207.801000 716
187 432.736000 207.516000 577
188 432.107000 207.580000 762
189 429.927000 207.551000 518
190 432.323000 207.920000 516
191 433.224000 208.180000 1030
192 434.400000 207.926000 987
193 434.118000 207.969000 1040
194 431.111000 207.853000 600
195 432.080000 207.514000 714
196 430.763000 207.932000 482
197 432.936000 208.196000 1027
198 431.014000 207.718000 812
199 431.861000 208.062000 884
200 429.679000 207.502000 492
[FINAL]:
Server Throughput=274070.761371 Byte/s
AverageUPL=410.583000
    AverageRTT=212.991000
    tcpi_retransmits=0
    tcpi_rto=408000
    tcpi_lost=0
    tcpi_retrans=0
    tcpi_snd_cwnd=140
    tcpi_snd_ssthresh=38
    tcpi_total_retrans=0
1 0.146000 209.751000 104875
2 845.316000 207.456000 456
3 352.597000 207.003000 612
4 330.718000 206.855000 978
5 320.872000 206.967000 727
6 317.905000 207.082000 754
7 316.056000 206.975000 611
8 316.740000 207.076000 765
9 316.085000 207.653000 668
10 316.831000 208.402000 578
11 316.475000 208.451000 491
12 316.379000 208.689000 410
13 316.419000 209.112000 572
14 318.332000 208.648000 715
15 317.545000 208.869000 436
16 316.280000 208.388000 195
17 316.644000 208.630000 281
18 316.413000 208.111000 471
19 314.989000 207.896000 451
20 316.969000 208.871000 459
21 315.631000 208.277000 484
22 316.356000 208.436000 622
23 315.522000 208.221000 497
24 316.585000 208.469000 591
25 315.581000 208.027000 327
26 316.481000 208.689000 368
27 315.976000 208.609000 403
28 315.122000 208.057000 385
29 316.266000 208.208000 444
30 315.781000 208.224000 615
31 315.800000 208.301000 319
32 315.058000 208.204000 437
33 316.661000 208.298000 612
34 316.160000 208.271000 340
35 315.721000 208.490000 341
36 315.311000 208.080000 456
37 315.565000 208.448000 421
38 315.594000 208.313000 443
39 315.543000 208.163000 202
40 315.461000 208.119000 390
41 315.614000 208.191000 471
42 316.044000 208.396000 332
43 315.754000 208.557000 847
44 315.256000 208.076000 454
45 315.952000 208.403000 432
46 315.851000 208.231000 394
47 317.576000 208.545000 683
48 316.362000 208.596000 599
49 314.894000 208.026000 447
50 315.519000 208.344000 400
51 315.118000 208.155000 546
52 335.263000 225.863000 5737
53 812.306000 280.907000 983
54 827.859000 281.614000 1025
55 800.365000 278.312000 1798
56 824.271000 281.529000 735
57 831.310000 280.072000 1665
58 828.083000 279.996000 1953
59 827.978000 281.731000 931
60 827.794000 281.918000 1163
61 828.016000 280.566000 995
62 804.937000 275.119000 3403
63 814.351000 267.755000 7223
64 691.318000 220.189000 1420
65 606.589000 218.979000 603
66 566.289000 219.263000 1556
67 530.852000 218.807000 293
68 516.609000 218.844000 307
69 494.814000 213.655000 681
70 479.020000 212.797000 1422
71 471.866000 212.984000 1393
72 469.507000 212.768000 929
73 462.504000 213.511000 879
74 459.326000 213.367000 624
75 457.971000 213.336000 581
76 458.669000 212.954000 1233
77 456.485000 214.075000 293
78 453.112000 212.455000 949
79 449.906000 212.841000 363
80 450.971000 213.497000 887
81 445.810000 213.146000 394
82 441.596000 209.438000 371
83 439.965000 209.243000 542
84 439.396000 208.271000 881
85 437.624000 207.795000 594
86 436.920000 207.941000 524
87 435.905000 207.995000 605
88 434.120000 208.047000 296
89 437.361000 208.361000 1212
90 433.350000 208.019000 591
91 433.981000 207.752000 680
92 432.388000 207.598000 599
93 433.594000 207.605000 664
94 432.943000 208.118000 587
95 431.552000 207.687000 576
96 428.969000 207.535000 618
97 433.854000 208.420000 938
98 430.333000 207.779000 543
99 432.879000 207.874000 937
100 429.374000 207.328000 867
101 433.402000 207.782000 1127
102 432.476000 208.115000 813
103 430.344000 207.930000 552
104 432.958000 207.843000 568
105 433.660000 207.786000 1074
106 432.236000 207.857000 853
107 430.984000 207.655000 543
108 431.447000 207.822000 540
109 431.159000 208.095000 509
110 427.828000 207.213000 885
111 429.286000 207.506000 996
112 426.960000 207.621000 605
113 426.624000 207.759000 712
114 428.506000 207.532000 724
115 425.692000 207.322000 394
116 427.477000 207.277000 967
117 425.963000 207.600000 618
118 426.900000 207.627000 393
119 425.887000 207.324000 691
120 426.668000 207.273000 760
121 426.709000 207.190000 1054
122 424.499000 207.079000 482
123 425.632000 207.402000 935
124 424.391000 207.237000 421
125 423.777000 206.607000 684
126 425.068000 207.036000 339
127 424.406000 207.012000 545
128 423.590000 207.174000 426
129 425.717000 206.852000 161
130 425.932000 207.339000 706
131 426.840000 207.216000 728
132 425.542000 207.166000 822
133 425.255000 206.925000 682
134 426.471000 207.349000 988
135 424.663000 207.119000 1001
136 423.506000 207.412000 571
137 422.944000 206.462000 876
138 424.326000 207.416000 1145
139 422.690000 207.480000 395
140 423.246000 206.861000 834
141 426.154000 207.377000 1120
142 424.220000 206.951000 1055
143 423.230000 207.446000 855
144 422.737000 207.301000 591
145 423.640000 207.871000 1118
146 423.398000 207.521000 655
147 421.572000 207.160000 912
148 422.162000 208.883000 500
149 422.180000 209.321000 449
150 423.383000 208.461000 963
151 420.623000 207.231000 477
152 421.717000 207.218000 502
153 422.761000 207.495000 836
154 426.489000 207.154000 941
155 424.461000 207.136000 459
156 426.399000 207.216000 1188
157 424.632000 207.259000 450
158 427.658000 207.634000 1357
159 425.403000 207.339000 939
160 424.149000 206.714000 593
161 424.473000 206.903000 874
162 423.925000 207.202000 534
163 447.552000 227.310000 6775
164 827.714000 280.139000 2337
165 827.888000 281.541000 1032
166 829.287000 281.911000 1044
167 826.538000 281.694000 964
168 781.991000 246.062000 8104
169 466.140000 220.216000 227
170 464.841000 218.970000 313
171 464.619000 218.715000 275
172 463.169000 218.683000 158
173 464.555000 218.733000 198
174 464.924000 219.232000 155
175 464.943000 218.803000 332
176 464.445000 218.762000 243
177 454.044000 212.072000 349
178 448.779000 211.982000 461
179 444.221000 211.372000 398
180 442.881000 211.512000 802
181 440.021000 209.320000 682
182 439.616000 208.910000 570
183 439.467000 208.702000 598
184 442.107000 208.931000 1435
185 437.444000 208.902000 485
186 435.106000 207.124000 498
187 437.439000 207.903000 892
188 435.214000 207.574000 542
189 436.121000 207.987000 824
190 436.574000 208.022000 661
191 432.675000 207.673000 654
192 435.227000 208.039000 937
193 435.039000 208.232000 1142
194 432.455000 207.896000 608
195 434.319000 207.971000 918
196 434.497000 207.860000 928
197 434.587000 207.965000 808
198 432.963000 207.804000 549
199 432.924000 207.912000 883
200 433.984000 208.186000 914
[FINAL]:
Server Throughput=226991.157639 Byte/s
AverageUPL=451.733000
    AverageRTT=212.206000
    tcpi_retransmits=0
    tcpi_rto=412000
    tcpi_lost=0
    tcpi_retrans=0
    tcpi_snd_cwnd=138
    tcpi_snd_ssthresh=34
    tcpi_total_retrans=0
1 0.191000 216.456000 108228
2 852.277000 207.884000 418
3 355.248000 207.104000 493
4 330.055000 206.651000 538
5 322.806000 207.054000 792
6 318.813000 206.694000 962
7 317.013000 207.338000 1072
8 316.405000 207.927000 679
9 317.089000 208.481000 799
10 317.666000 209.110000 600
11 317.047000 207.978000 880
12 316.530000 208.121000 616
13 316.702000 208.482000 520
14 315.901000 208.424000 450
15 316.722000 208.043000 534
16 314.984000 207.838000 618
17 315.265000 208.136000 277
18 315.003000 208.144000 488
19 316.494000 208.201000 401
20 315.664000 208.247000 125
21 315.989000 208.088000 404
22 315.584000 208.251000 351
23 316.280000 208.263000 285
24 315.877000 208.213000 231
25 316.409000 208.537000 696
26 316.017000 208.471000 183
27 315.025000 208.336000 183
28 316.486000 208.325000 414
29 316.097000 208.213000 294
30 315.960000 208.139000 370
31 315.141000 207.841000 443
32 316.097000 208.223000 454
33 315.656000 208.579000 483
34 316.432000 208.476000 438
35 316.073000 208.267000 124
36 316.322000 208.371000 377
37 316.132000 208.291000 572
38 314.678000 208.085000 343
39 316.075000 208.384000 111
40 316.336000 208.479000 309
41 316.470000 208.283000 474
42 314.919000 208.311000 261
43 316.103000 208.412000 321
44 316.482000 208.460000 312
45 316.290000 208.445000 112
46 315.279000 208.403000 376
47 316.593000 208.370000 437
48 316.273000 208.370000 608
49 316.131000 208.335000 340
50 316.706000 208.517000 529
51 316.542000 208.521000 455
52 316.185000 208.427000 509
53 316.033000 208.240000 416
54 315.891000 207.970000 330
55 314.725000 207.910000 411
56 315.613000 207.955000 378
57 316.039000 208.271000 256
58 316.213000 208.127000 465
59 317.232000 208.290000 707
60 315.580000 208.218000 261
61 315.827000 207.974000 215
62 315.937000 207.816000 315
63 314.376000 207.994000 681
64 314.453000 207.868000 330
65 316.709000 207.825000 526
66 314.858000 207.922000 391
67 315.211000 207.991000 368
68 315.709000 207.985000 294
69 315.953000 208.088000 468
70 315.715000 208.312000 161
71 315.714000 207.924000 456
72 315.893000 208.064000 280
73 315.787000 208.032000 357
74 315.702000 207.919000 209
75 315.982000 208.013000 264
76 315.857000 207.853000 508
77 315.531000 207.896000 313
78 315.726000 208.066000 396
79 316.566000 208.085000 599
80 315.665000 208.064000 357
81 315.347000 208.048000 223
82 315.451000 207.933000 186
83 315.556000 207.946000 47
84 314.852000 207.817000 263
85 315.592000 207.941000 252
86 315.027000 207.809000 595
87 316.012000 207.945000 359
88 315.556000 208.157000 328
89 315.447000 207.972000 291
90 315.908000 207.934000 214
91 737.108000 280.235000 2105
92 593.651000 287.663000 10685
93 813.060000 280.895000 1423
94 501.497000 210.578000 4316
95 306.298000 208.888000 538
96 307.175000 208.931000 553
97 307.097000 208.101000 410
98 306.520000 209.028000 544
99 306.705000 208.813000 347
100 307.849000 208.715000 418
101 309.379000 208.985000 292
102 308.745000 208.174000 316
103 307.102000 208.499000 243
104 307.847000 208.430000 644
105 306.987000 208.476000 265
106 306.877000 208.363000 429
107 306.442000 208.219000 178
108 307.274000 208.638000 535
109 306.325000 208.020000 348
110 305.431000 207.623000 390
111 306.970000 207.735000 697
112 305.288000 207.254000 409
113 305.911000 207.939000 472
114 305.888000 207.518000 312
115 305.113000 207.449000 361
116 306.751000 207.970000 476
117 304.989000 207.874000 430
118 306.420000 207.856000 445
119 306.774000 207.897000 538
120 305.378000 207.773000 460
121 306.994000 207.794000 544
122 307.208000 207.933000 443
123 306.555000 208.052000 605
124 306.332000 207.889000 239
125 307.655000 207.950000 667
126 305.099000 207.589000 290
127 305.403000 207.357000 396
128 306.307000 207.512000 159
129 306.807000 207.913000 491
130 305.455000 207.373000 386
131 306.311000 207.754000 443
132 306.638000 207.856000 494
133 306.208000 207.414000 356
134 307.039000 207.937000 377
135 306.914000 207.527000 594
136 306.152000 207.396000 407
137 306.891000 207.710000 502
138 305.927000 207.483000 137
139 305.426000 207.725000 498
140 305.900000 207.378000 88
141 305.480000 207.512000 54
142 305.179000 207.372000 420
143 304.992000 207.449000 341
144 305.550000 207.371000 78
145 305.699000 207.376000 441
146 306.448000 207.711000 302
147 306.306000 207.362000 461
148 304.876000 207.105000 344
149 306.097000 207.291000 334
150 306.442000 207.438000 415
151 305.578000 207.422000 444
152 306.536000 207.704000 400
153 306.368000 207.392000 299
154 305.519000 207.282000 456
155 306.129000 207.590000 485
156 305.058000 207.674000 447
157 305.865000 207.577000 270
158 305.230000 207.524000 468
159 306.355000 207.478000 364
160 305.172000 207.490000 426
161 305.676000 207.779000 497
162 306.816000 207.839000 416
163 306.241000 207.789000 275
164 306.423000 207.613000 400
165 306.203000 207.639000 287
166 306.407000 207.556000 398
167 306.920000 207.499000 384
168 305.351000 207.338000 311
169 307.537000 207.931000 676
170 306.546000 207.742000 341
171 306.401000 207.728000 340
172 305.093000 207.498000 400
173 306.230000 207.529000 249
174 306.663000 207.514000 347
175 306.973000 207.881000 483
176 305.124000 207.591000 441
177 306.798000 207.731000 469
178 306.766000 207.627000 512
179 305.748000 207.513000 374
180 307.037000 207.867000 553
181 306.534000 207.699000 363
182 305.939000 207.791000 451
183 304.986000 207.342000 475
184 307.714000 207.971000 686
185 306.592000 207.580000 388
186 305.462000 207.377000 323
187 306.627000 207.415000 249
188 306.673000 207.917000 412
189 306.576000 207.661000 556
190 333.035000 224.163000 7569
191 828.190000 280.927000 854
192 827.710000 281.899000 1368
193 827.955000 278.500000 2034
194 743.841000 229.801000 9855
195 678.275000 219.836000 1408
196 595.500000 214.564000 642
197 547.535000 213.186000 1073
198 518.014000 213.165000 1029
199 498.658000 214.112000 729
200 480.528000 214.012000 735
[FINAL]:
Server Throughput=296974.749410 Byte/s
AverageUPL=341.372000
    AverageRTT=210.694000
    tcpi_retransmits=0
    tcpi_rto=416000
    tcpi_lost=0
    tcpi_retrans=0
    tcpi_snd_cwnd=122
    tcpi_snd_ssthresh=34
    tcpi_total_retrans=0
1 0.077000 214.415000 107207
2 853.330000 209.577000 233
3 357.128000 209.086000 715
4 333.499000 209.499000 57
5 325.537000 209.521000 159
6 321.570000 209.426000 214
7 320.022000 209.546000 192
8 320.286000 209.507000 312
9 320.088000 208.732000 715
10 318.749000 207.721000 533
11 316.123000 207.717000 535
12 316.590000 208.677000 707
13 321.968000 208.355000 1211
14 316.420000 208.134000 616
15 317.028000 208.902000 486
16 317.198000 208.335000 604
17 315.502000 208.754000 702
18 317.658000 208.614000 588
19 316.170000 208.242000 444
20 316.606000 208.369000 495
21 316.030000 208.330000 397
22 314.889000 208.304000 465
23 316.033000 208.289000 367
24 316.192000 208.534000 157
25 315.216000 208.321000 475
26 315.207000 208.182000 177
27 316.754000 208.346000 621
28 316.290000 208.362000 527
29 315.677000 208.242000 449
30 315.819000 208.402000 323
31 315.335000 208.128000 438
32 315.588000 207.972000 488
33 315.357000 208.126000 433
34 315.991000 208.065000 509
35 315.860000 208.380000 229
36 315.814000 208.233000 271
37 315.617000 208.273000 173
38 315.954000 208.102000 453
39 316.167000 208.232000 501
40 315.883000 208.146000 486
41 315.354000 208.240000 411
42 315.566000 208.252000 245
43 315.607000 208.019000 451
44 315.994000 208.188000 424
45 316.388000 208.276000 553
46 316.026000 208.153000 427
47 315.913000 207.925000 470
48 315.786000 208.120000 528
49 315.862000 208.131000 293
50 315.941000 208.084000 301
51 316.239000 208.224000 201
52 317.383000 208.132000 688
53 316.470000 208.331000 541
54 315.628000 208.173000 486
55 316.098000 208.062000 281
56 317.565000 208.093000 523
57 315.460000 208.246000 459
58 314.800000 208.038000 449
59 316.745000 208.092000 516
60 315.053000 208.017000 321
61 315.876000 208.118000 339
62 316.464000 207.955000 328
63 316.624000 208.309000 522
64 316.436000 208.119000 623
65 315.209000 208.042000 464
66 314.174000 207.844000 289
67 315.368000 208.066000 475
68 315.636000 208.191000 430
69 315.073000 208.000000 219
70 315.069000 208.173000 499
71 315.534000 208.235000 460
72 315.725000 208.284000 93
73 315.724000 208.283000 111
74 315.720000 208.293000 62
75 315.723000 208.288000 117
76 315.685000 208.243000 85
77 315.740000 207.741000 338
78 314.021000 207.920000 277
79 315.934000 208.316000 121
80 315.101000 208.084000 533
81 315.866000 208.016000 500
82 315.966000 207.977000 528
83 314.762000 207.856000 92
84 316.280000 208.114000 426
85 316.452000 208.324000 508
86 315.353000 207.892000 129
87 315.715000 208.081000 285
88 315.406000 208.276000 177
89 315.439000 208.216000 220
90 316.062000 208.082000 428
91 315.605000 208.223000 286
92 315.514000 208.116000 241
93 314.982000 208.186000 495
94 315.396000 208.139000 373
95 315.480000 208.166000 245
96 315.693000 207.957000 363
97 315.047000 208.004000 424
98 315.468000 208.208000 413
99 315.076000 208.077000 253
100 315.921000 208.093000 365
101 315.254000 207.962000 365
102 316.249000 207.982000 455
103 379.885000 236.163000 15592
104 827.747000 279.014000 1898
105 821.935000 277.063000 3108
106 796.528000 279.657000 2063
107 827.910000 281.698000 911
108 827.778000 281.665000 1076
109 812.359000 279.723000 1614
110 827.990000 280.758000 1119
111 828.456000 281.690000 683
112 827.217000 280.705000 1110
113 827.877000 279.885000 1716
114 828.470000 281.767000 852
115 1077.368000 281.755000 1004
116 812.232000 280.754000 1001
117 828.362000 281.743000 768
118 827.503000 281.525000 925
119 822.829000 281.646000 907
120 812.201000 278.235000 2482
121 827.976000 281.736000 1091
122 828.074000 280.191000 1607
123 827.737000 281.625000 943
124 827.839000 281.611000 747
125 828.028000 281.282000 207
126 828.152000 281.752000 844
127 827.501000 281.481000 616
128 828.010000 281.684000 1241
129 828.242000 281.718000 955
130 703.243000 220.364000 1344
131 627.461000 218.875000 1802
132 568.635000 218.803000 311
133 535.178000 218.718000 416
134 512.706000 218.732000 292
135 495.935000 218.663000 360
136 488.319000 218.695000 290
137 482.405000 219.071000 678
138 473.065000 217.866000 872
139 468.489000 218.738000 251
140 468.821000 219.186000 170
141 468.384000 218.756000 246
142 468.485000 219.044000 635
143 466.194000 217.067000 702
144 457.774000 210.336000 419
145 459.003000 211.291000 974
146 454.073000 211.316000 969
147 450.393000 211.057000 759
148 443.781000 209.253000 772
149 444.862000 209.061000 701
150 439.542000 208.634000 814
151 438.058000 208.177000 451
152 436.996000 208.365000 434
153 437.583000 208.281000 855
154 437.281000 208.466000 610
155 435.002000 207.704000 668
156 434.343000 207.978000 613
157 434.520000 208.039000 919
158 434.429000 208.299000 914
159 434.067000 208.341000 725
160 434.195000 207.867000 472
161 432.987000 207.841000 459
162 431.217000 207.560000 882
163 433.056000 208.202000 452
164 433.594000 208.090000 743
165 431.626000 207.807000 603
166 432.905000 207.833000 738
167 433.377000 207.704000 716
168 433.045000 207.406000 724
169 437.630000 208.527000 1655
170 431.683000 208.003000 887
171 432.962000 207.787000 858
172 432.965000 207.822000 917
173 432.935000 207.597000 1019
174 432.989000 207.561000 847
175 430.285000 207.572000 618
176 433.153000 207.772000 986
177 431.595000 207.694000 567
178 432.381000 207.726000 1097
179 430.064000 207.340000 593
180 430.764000 207.119000 514
181 430.448000 207.733000 669
182 432.510000 207.845000 859
183 431.508000 207.699000 546
184 430.738000 207.225000 600
185 433.735000 208.112000 517
186 433.115000 208.064000 441
187 433.238000 208.067000 482
188 433.014000 208.071000 468
189 431.766000 208.042000 393
190 434.411000 208.060000 441
191 433.404000 207.886000 164
192 430.183000 206.961000 375
193 428.785000 206.281000 681
194 432.560000 208.296000 181
195 432.195000 208.366000 177
196 507.328000 262.471000 29180
197 827.921000 281.503000 661
198 708.637000 286.643000 21676
199 827.957000 281.812000 1077
200 827.864000 281.622000 972
[FINAL]:
Server Throughput=226838.982783 Byte/s
AverageUPL=562.634000
    AverageRTT=232.352000
    tcpi_retransmits=0
    tcpi_rto=484000
    tcpi_lost=0
    tcpi_retrans=0
    tcpi_snd_cwnd=142
    tcpi_snd_ssthresh=34
    tcpi_total_retrans=0
1 0.100000 262.061000 131030
2 1171.500000 280.624000 1063
3 827.837000 281.158000 39
4 827.771000 281.266000 541
5 796.802000 280.115000 1879
6 827.831000 281.712000 981
7 827.910000 281.744000 960
8 827.949000 281.704000 968
9 828.019000 284.654000 5975
10 827.742000 281.597000 892
11 828.002000 281.557000 1095
12 827.887000 281.635000 919
13 827.963000 281.652000 960
14 1077.797000 281.574000 899
15 828.061000 281.797000 1037
16 828.097000 280.184000 1634
17 826.373000 278.731000 1608
18 827.476000 281.701000 1131
19 828.159000 280.408000 1248
20 828.127000 281.705000 949
21 827.646000 281.485000 921
22 828.060000 281.688000 904
23 827.799000 281.714000 1103
24 828.142000 281.630000 1005
25 841.128000 281.405000 568
26 827.704000 281.290000 515
27 827.602000 281.594000 1063
28 828.264000 281.883000 990
29 827.684000 281.680000 936
30 830.049000 281.869000 1012
31 825.891000 281.693000 895
32 827.936000 280.855000 812
33 828.359000 281.259000 155
34 827.539000 281.761000 890
35 829.280000 281.888000 1141
36 827.568000 281.552000 1035
37 1327.955000 284.174000 8167
38 827.936000 280.810000 630
39 827.937000 280.892000 822
40 827.978000 281.763000 889
41 805.845000 273.123000 1922
42 828.047000 279.871000 1592
43 827.790000 281.793000 924
44 827.882000 280.843000 757
45 827.917000 281.684000 1000
46 828.222000 281.300000 542
47 827.543000 279.927000 1917
48 828.689000 281.778000 815
49 1327.047000 280.636000 1834
50 827.982000 281.606000 1001
51 827.905000 280.081000 1159
52 827.966000 281.728000 864
53 827.718000 281.683000 827
54 819.408000 277.526000 4616
55 730.702000 227.686000 9346
56 651.260000 208.825000 584
57 580.336000 209.296000 550
58 533.945000 209.106000 642
59 509.679000 209.460000 598
60 488.725000 209.173000 622
61 474.532000 208.721000 795
62 468.794000 209.173000 846
63 458.073000 208.310000 436
64 452.416000 208.109000 604
65 449.127000 207.393000 905
66 446.361000 207.866000 848
67 442.005000 208.139000 220
68 440.183000 207.409000 662
69 437.657000 207.598000 528
70 438.036000 207.864000 621
71 438.903000 207.063000 878
72 439.205000 207.614000 1091
73 437.929000 208.000000 784
74 439.609000 207.486000 1049
75 436.048000 207.940000 299
76 435.510000 207.327000 686
77 436.783000 207.975000 731
78 433.427000 206.968000 756
79 434.746000 208.075000 472
80 433.663000 207.920000 516
81 432.651000 207.348000 830
82 433.755000 207.855000 830
83 434.716000 207.764000 1281
84 433.318000 207.827000 708
85 433.619000 208.004000 574
86 434.310000 207.957000 931
87 432.346000 207.206000 459
88 429.620000 206.914000 519
89 432.721000 207.993000 633
90 433.055000 207.597000 611
91 432.795000 207.757000 624
92 585.937000 208.005000 826
93 434.421000 208.031000 1022
94 432.117000 207.652000 657
95 431.949000 207.407000 493
96 432.420000 207.759000 570
97 433.891000 207.557000 666
98 433.955000 208.013000 713
99 429.953000 207.334000 731
100 433.459000 207.810000 338
101 433.973000 207.820000 794
102 433.332000 207.279000 749
103 433.586000 207.897000 830
104 432.310000 207.614000 524
105 432.593000 207.577000 1020
106 433.040000 207.962000 477
107 429.435000 206.911000 710
108 432.466000 207.805000 772
109 432.119000 207.364000 973
110 431.989000 207.671000 779
111 432.188000 208.039000 814
112 431.302000 207.756000 1073
113 430.555000 207.606000 663
114 431.980000 207.661000 1031
115 430.951000 207.652000 507
116 433.239000 208.263000 1099
117 430.951000 207.568000 881
118 429.930000 207.641000 771
119 428.349000 207.594000 804
120 429.479000 207.646000 843
121 427.999000 207.790000 364
122 427.450000 207.635000 561
123 426.774000 207.480000 696
124 428.121000 207.322000 1260
125 425.814000 207.146000 487
126 426.074000 207.340000 612
127 428.078000 207.764000 1174
128 426.972000 207.430000 905
129 425.068000 206.732000 383
130 424.779000 207.039000 771
131 424.765000 207.269000 869
132 424.080000 206.766000 610
133 423.975000 206.882000 709
134 425.713000 207.008000 1085
135 424.822000 207.687000 506
136 425.139000 207.261000 608
137 425.511000 207.257000 625
138 424.956000 207.250000 789
139 424.951000 206.933000 636
140 424.215000 207.053000 701
141 427.205000 207.316000 931
142 426.343000 207.329000 614
143 425.560000 207.074000 415
144 427.255000 207.161000 799
145 425.165000 206.808000 467
146 426.682000 207.204000 476
147 426.038000 207.420000 681
148 427.015000 207.299000 870
149 427.719000 207.265000 892
150 426.102000 207.316000 635
151 425.793000 207.061000 285
152 426.344000 207.061000 1030
153 426.233000 207.340000 515
154 621.456000 207.153000 862
155 427.136000 207.084000 771
156 425.328000 207.508000 517
157 428.016000 207.407000 840
158 426.088000 206.587000 440
159 427.354000 207.114000 416
160 427.647000 207.344000 933
161 428.927000 207.691000 1002
162 429.001000 208.164000 1097
163 426.777000 207.760000 354
164 427.129000 207.664000 663
165 428.666000 207.825000 1077
166 426.715000 207.397000 728
167 426.694000 207.278000 861
168 424.937000 207.020000 338
169 424.290000 206.957000 741
170 424.944000 207.163000 838
171 424.394000 207.225000 770
172 426.352000 207.175000 822
173 427.379000 206.998000 950
174 425.968000 207.000000 640
175 425.457000 207.005000 817
176 426.548000 207.415000 646
177 424.948000 207.274000 858
178 426.848000 206.743000 1263
179 426.605000 207.150000 1028
180 424.568000 206.836000 751
181 426.306000 207.561000 967
182 426.568000 206.929000 757
183 426.009000 207.161000 572
184 426.494000 207.111000 592
185 425.590000 207.023000 667
186 424.199000 206.687000 413
187 424.802000 206.784000 480
188 425.137000 207.321000 747
189 425.877000 206.797000 549
190 426.641000 207.156000 1041
191 426.324000 207.389000 887
192 425.794000 207.395000 767
193 427.004000 208.946000 625
194 429.501000 209.218000 563
195 425.316000 208.941000 658
196 428.997000 209.179000 541
197 428.517000 208.619000 858
198 427.501000 207.516000 471
199 426.135000 207.771000 805
200 425.929000 206.665000 783
[FINAL]:
Server Throughput=182582.260361 Byte/s
AverageUPL=429.312000
    AverageRTT=207.401000
    tcpi_retransmits=0
    tcpi_rto=408000
    tcpi_lost=0
    tcpi_retrans=0
    tcpi_snd_cwnd=140
    tcpi_snd_ssthresh=40
    tcpi_total_retrans=0
1 445.794000 214.247000 6791
2 211.408000 210.330000 566
3 227.886000 222.497000 4054
4 227.922000 222.821000 4371
5 229.276000 223.585000 4513
6 227.059000 221.442000 4371
7 227.886000 222.954000 4301
8 231.276000 225.564000 4795
9 245.803000 238.212000 7562
10 246.877000 237.723000 8371
11 229.135000 223.695000 4151
12 245.395000 238.250000 8364
13 227.696000 222.259000 4089
14 237.233000 231.399000 5398
15 227.469000 222.099000 4461
16 229.474000 223.262000 4262
17 228.297000 222.679000 4463
18 227.022000 222.438000 4722
19 244.352000 237.094000 8024
20 228.772000 223.014000 3983
21 227.543000 222.762000 4371
22 227.445000 222.791000 4052
23 234.951000 226.466000 7306
24 229.033000 223.436000 4105
25 228.523000 222.853000 4847
26 227.550000 221.776000 4982
27 228.655000 222.616000 4170
28 243.153000 233.637000 9106
29 229.078000 224.084000 5394
30 228.995000 223.153000 4866
31 236.292000 231.707000 4960
32 230.464000 223.104000 5088
33 229.772000 223.297000 5115
34 229.322000 222.775000 4767
35 228.424000 222.832000 4311
36 228.596000 222.938000 4517
37 228.951000 223.499000 5010
38 228.545000 223.026000 4295
39 228.697000 222.921000 4629
40 228.597000 223.540000 5104
41 227.411000 221.970000 4672
42 237.197000 229.694000 7357
43 227.945000 221.946000 3926
44 227.702000 222.309000 4647
45 230.177000 222.868000 5773
46 235.081000 230.051000 5536
47 228.495000 222.346000 4682
48 228.421000 222.287000 4723
49 226.800000 221.385000 5135
50 228.447000 221.927000 5132
51 245.585000 236.680000 8198
52 228.194000 223.353000 4188
53 230.129000 222.270000 5743
54 242.733000 234.552000 8355
55 237.906000 232.542000 5560
56 226.441000 222.312000 3968
57 228.178000 223.492000 4656
58 227.213000 222.213000 3987
59 228.209000 223.688000 4760
60 245.603000 236.498000 8627
61 227.797000 222.604000 4266
62 227.690000 222.961000 5388
63 225.775000 220.522000 3986
64 227.645000 222.752000 4245
65 226.790000 222.550000 4736
66 225.485000 221.359000 3500
67 234.416000 228.844000 5776
68 227.866000 222.398000 4279
69 228.051000 223.589000 4527
70 229.692000 224.268000 5406
71 227.770000 223.657000 4809
72 228.109000 223.444000 4639
73 227.369000 222.599000 4921
74 229.966000 223.791000 5073
75 228.511000 223.746000 4621
76 227.288000 221.838000 4186
77 229.007000 223.242000 4809
78 229.446000 223.991000 4327
79 229.310000 222.661000 3893
80 229.164000 223.648000 4054
81 228.259000 222.086000 5065
82 244.573000 236.490000 8096
83 244.263000 235.379000 8399
84 246.002000 237.140000 8427
85 245.422000 236.534000 8384
86 245.375000 236.728000 7284
87 236.103000 228.274000 6954
88 228.048000 222.273000 4268
89 227.220000 223.031000 3830
90 227.155000 221.848000 4151
91 228.782000 223.503000 4283
92 230.405000 224.546000 5422
93 229.346000 222.814000 5626
94 228.030000 222.962000 5028
95 228.305000 222.659000 4944
96 227.102000 222.975000 4213
97 229.461000 222.970000 5526
98 228.248000 221.806000 4213
99 228.748000 222.984000 5273
100 225.068000 221.627000 3962
101 245.200000 234.750000 8281
102 228.354000 222.273000 4942
103 227.712000 221.384000 4085
104 231.912000 225.403000 5585
105 238.037000 230.960000 6084
106 229.022000 223.630000 5714
107 228.045000 222.429000 4471
108 226.800000 222.252000 4566
109 226.191000 221.712000 3927
110 245.667000 236.934000 8436
111 228.153000 223.746000 5004
112 228.367000 223.694000 4596
113 229.251000 222.380000 5217
114 228.883000 222.366000 4365
115 228.079000 222.900000 5051
116 227.359000 222.875000 4280
117 228.551000 223.181000 4941
118 227.668000 223.020000 4471
119 234.279000 226.329000 7445
120 230.298000 224.509000 5306
121 228.440000 223.911000 4513
122 229.088000 222.831000 5154
123 226.712000 221.922000 4783
124 228.966000 222.576000 4062
125 228.729000 223.650000 5190
126 228.383000 222.571000 4955
127 229.324000 223.066000 4373
128 228.474000 223.028000 5492
129 228.178000 222.292000 4923
130 228.962000 222.235000 5514
131 226.983000 222.883000 4169
132 228.153000 221.855000 5408
133 242.924000 232.061000 8727
134 227.381000 222.064000 4126
135 228.584000 223.079000 5460
136 227.522000 222.115000 5278
137 236.386000 230.434000 6488
138 229.357000 223.276000 4848
139 228.254000 223.361000 5817
140 226.459000 221.926000 4335
141 228.680000 223.137000 4840
142 248.654000 239.588000 8899
143 229.479000 223.807000 4822
144 228.603000 222.183000 5030
145 228.599000 224.357000 4745
146 236.085000 228.370000 7894
147 229.108000 224.303000 5072
148 230.181000 223.784000 5863
149 228.670000 223.235000 4149
150 227.592000 223.239000 4469
151 248.173000 238.666000 9671
152 229.057000 223.807000 5738
153 227.352000 222.382000 4201
154 228.129000 223.554000 4872
155 228.951000 223.965000 4275
156 228.906000 223.187000 4706
157 228.293000 222.965000 3444
158 228.179000 223.291000 4901
159 227.863000 222.991000 4177
160 229.176000 223.479000 4973
161 229.606000 225.184000 4751
162 228.010000 221.933000 4799
163 229.482000 223.004000 5268
164 229.179000 223.265000 5082
165 227.297000 222.338000 5779
166 241.681000 233.687000 7840
167 229.294000 222.359000 4747
168 226.861000 222.808000 4243
169 228.955000 223.232000 4280
170 228.912000 223.392000 4575
171 233.318000 227.773000 4613
172 227.093000 221.784000 4050
173 227.908000 223.411000 4701
174 243.810000 235.749000 7659
175 229.095000 223.104000 4080
176 228.241000 221.998000 4740
177 227.685000 222.352000 4391
178 233.418000 227.213000 5131
179 229.724000 224.626000 5266
180 226.836000 222.414000 3415
181 228.289000 223.190000 3972
182 226.955000 222.468000 4764
183 247.528000 237.912000 8804
184 226.644000 221.870000 4218
185 228.342000 222.377000 4903
186 227.096000 221.689000 4261
187 230.910000 223.619000 5677
188 228.330000 222.786000 4861
189 228.867000 222.514000 4904
190 230.524000 223.377000 5694
191 240.186000 232.371000 7636
192 249.079000 239.229000 9178
193 228.386000 223.444000 4751
194 228.190000 222.999000 5320
195 228.682000 222.618000 5319
196 228.307000 222.281000 4197
197 229.061000 224.410000 4672
198 227.912000 222.647000 4325
199 227.957000 222.537000 4269
200 229.354000 223.478000 4647
[FINAL]:
Server Throughput=431339.916041 Byte/s
AverageUPL=230.518000
    AverageRTT=224.615000
    tcpi_retransmits=0
    tcpi_rto=424000
    tcpi_lost=0
    tcpi_retrans=0
    tcpi_snd_cwnd=140
    tcpi_snd_ssthresh=2147483647
    tcpi_total_retrans=0
1 451.142000 220.973000 3391
2 227.392000 224.843000 3759
3 289.573000 278.082000 13451
4 262.572000 253.891000 8673
5 260.535000 250.824000 11045
6 264.769000 254.288000 10926
7 266.100000 253.872000 12977
8 263.951000 253.468000 12103
9 261.648000 249.493000 12765
10 230.596000 225.034000 5539
11 249.171000 240.497000 9143
12 226.501000 221.733000 4066
13 226.534000 222.343000 4100
14 230.996000 225.850000 6059
15 228.997000 223.775000 4383
16 226.309000 220.636000 4328
17 236.262000 228.419000 8781
18 226.499000 222.869000 3865
19 225.460000 220.918000 5251
20 236.412000 230.011000 7728
21 225.218000 221.243000 3772
22 226.175000 221.428000 4099
23 225.076000 221.471000 4078
24 228.568000 223.610000 5094
25 226.449000 222.241000 4548
26 227.408000 223.600000 3997
27 227.453000 222.154000 4968
28 225.469000 221.476000 4659
29 229.245000 223.362000 4750
30 225.338000 221.039000 3542
31 227.374000 221.870000 4200
32 225.355000 220.818000 4781
33 223.767000 219.939000 3705
34 232.133000 227.055000 5281
35 226.187000 222.514000 3640
36 225.256000 220.824000 4803
37 225.354000 220.805000 3562
38 236.308000 230.033000 5942
39 238.727000 231.737000 6631
40 226.526000 222.762000 4473
41 224.089000 220.776000 4101
42 227.442000 222.742000 4460
43 238.231000 232.031000 6834
44 227.041000 222.416000 5289
45 225.171000 220.962000 4655
46 225.362000 221.255000 4427
47 229.015000 223.471000 4668
48 225.095000 221.178000 4162
49 225.722000 221.686000 4015
50 225.326000 221.455000 4278
51 226.629000 222.003000 3827
52 229.886000 224.405000 5825
53 224.427000 220.682000 3910
54 229.115000 222.730000 4430
55 226.698000 222.061000 4686
56 227.102000 222.467000 4677
57 237.476000 231.645000 5867
58 227.237000 222.416000 3695
59 230.633000 223.393000 4971
60 229.901000 224.376000 4344
61 229.946000 223.411000 4462
62 227.138000 221.734000 4525
63 228.163000 222.242000 4782
64 227.882000 222.270000 4343
65 229.762000 222.622000 5559
66 246.731000 236.479000 9022
67 228.914000 222.962000 4466
68 227.546000 223.163000 4372
69 229.057000 224.378000 5031
70 235.845000 229.295000 6608
71 227.033000 222.093000 4763
72 227.381000 222.236000 4648
73 227.957000 222.842000 5037
74 227.162000 222.201000 4257
75 243.397000 233.512000 8952
76 227.963000 223.211000 5300
77 229.333000 223.013000 4250
78 228.060000 222.266000 5212
79 228.142000 223.089000 5047
80 229.196000 222.661000 5538
81 230.691000 225.788000 5117
82 229.178000 223.573000 5580
83 236.912000 227.521000 8304
84 242.099000 232.212000 9023
85 227.105000 222.198000 4182
86 227.994000 222.497000 3981
87 227.733000 222.259000 5390
88 226.824000 221.640000 4538
89 227.113000 222.656000 4530
90 229.392000 223.710000 4876
91 228.434000 222.313000 5348
92 229.015000 222.170000 4635
93 227.463000 221.548000 5627
94 228.874000 223.225000 5260
95 228.585000 221.621000 5762
96 229.306000 223.576000 5641
97 233.278000 225.434000 6910
98 240.602000 234.295000 7246
99 226.071000 220.695000 4471
100 228.284000 223.359000 5518
101 229.257000 222.893000 5485
102 233.516000 225.947000 5454
103 228.979000 222.935000 5274
104 226.725000 222.150000 4552
105 244.208000 235.104000 8871
106 228.266000 223.448000 4805
107 243.842000 234.014000 8798
108 228.621000 221.926000 4430
109 227.567000 222.061000 5488
110 227.534000 222.278000 5130
111 236.629000 228.566000 6606
112 229.276000 223.717000 5534
113 227.811000 221.928000 4905
114 227.188000 221.570000 4362
115 228.822000 223.210000 4488
116 246.555000 237.363000 9373
117 228.326000 223.815000 4481
118 330.186000 256.506000 45300
119 499.722000 443.289000 68622
120 484.239000 439.809000 49028
121 484.091000 439.492000 51197
122 515.728000 459.445000 58016
123 499.661000 452.986000 50902
124 484.313000 430.596000 52407
125 483.930000 434.801000 54628
126 515.858000 474.598000 51528
127 484.179000 451.175000 39692
128 547.064000 499.759000 55698
129 483.917000 442.698000 41120
130 497.983000 455.081000 55299
131 484.097000 438.198000 48877
132 546.501000 489.056000 61763
133 500.015000 460.039000 35110
134 515.368000 462.408000 51773
135 468.510000 428.533000 42956
136 517.354000 460.035000 61972
137 483.155000 445.114000 43439
138 499.259000 447.839000 55039
139 484.710000 439.714000 50099
140 515.284000 457.527000 62235
141 483.731000 439.189000 52923
142 515.332000 456.928000 58449
143 484.350000 439.663000 52048
144 468.833000 431.207000 40261
145 499.726000 457.031000 48993
146 499.965000 454.417000 43325
147 515.350000 463.772000 51754
148 468.627000 435.122000 42198
149 484.329000 452.379000 40674
150 500.010000 451.670000 48184
151 499.526000 440.722000 59098
152 468.560000 420.491000 54035
153 489.638000 438.404000 41640
154 463.674000 422.922000 43892
155 281.285000 270.482000 10426
156 295.444000 279.810000 18522
157 281.403000 271.839000 12220
158 281.110000 266.713000 13926
159 257.080000 247.639000 9205
160 258.467000 248.413000 11700
161 259.078000 247.923000 11590
162 254.876000 246.762000 7568
163 258.903000 247.468000 11773
164 261.475000 252.754000 10027
165 257.952000 246.594000 12488
166 255.698000 248.809000 7901
167 259.034000 246.812000 11336
168 260.024000 249.921000 10580
169 259.664000 248.952000 8638
170 284.348000 268.117000 18620
171 257.705000 247.858000 10339
172 271.504000 255.542000 15743
173 258.967000 251.012000 9930
174 251.754000 243.347000 9152
175 257.430000 249.166000 8755
176 263.180000 250.415000 12323
177 259.296000 250.118000 9568
178 258.542000 248.845000 9896
179 261.095000 251.068000 10303
180 260.712000 250.328000 10578
181 251.694000 241.887000 9960
182 233.616000 228.057000 4923
183 233.145000 228.170000 5445
184 233.879000 229.054000 5663
185 248.799000 240.248000 8249
186 231.511000 227.359000 3611
187 232.192000 227.249000 4930
188 232.363000 227.881000 5480
189 240.326000 235.186000 6055
190 234.104000 226.279000 6268
191 228.728000 222.829000 4573
192 229.462000 223.782000 4429
193 228.484000 223.832000 4774
194 246.251000 237.398000 8567
195 228.712000 223.156000 4260
196 229.592000 224.443000 4432
197 229.538000 224.528000 4301
198 238.467000 233.058000 5120
199 227.701000 222.667000 3853
200 239.516000 234.365000 6427
[FINAL]:
Server Throughput=350275.732678 Byte/s
AverageUPL=336.740000
    AverageRTT=314.136000
    tcpi_retransmits=0
    tcpi_rto=436000
    tcpi_lost=0
    tcpi_retrans=0
    tcpi_snd_cwnd=140
    tcpi_snd_ssthresh=2147483647
    tcpi_total_retrans=0
1 420.490000 210.338000 2623
2 213.256000 210.050000 1879
3 227.459000 222.244000 5193
4 238.550000 229.442000 8371
5 229.941000 224.443000 4274
6 228.325000 222.056000 5087
7 228.008000 224.369000 4502
8 228.203000 223.509000 4666
9 247.047000 237.029000 11206
10 227.227000 221.912000 4932
11 226.484000 221.185000 4730
12 223.918000 219.830000 3947
13 228.325000 224.368000 5165
14 233.060000 227.912000 4638
15 224.781000 221.533000 3999
16 225.828000 221.586000 4337
17 225.684000 221.182000 4316
18 226.316000 222.459000 3768
19 228.341000 222.099000 4542
20 226.247000 222.175000 4497
21 227.746000 222.292000 4302
22 227.981000 222.832000 4555
23 237.823000 232.094000 6053
24 229.210000 224.103000 5018
25 228.442000 222.463000 4546
26 228.865000 224.008000 4288
27 230.380000 224.545000 5022
28 227.865000 222.763000 4468
29 240.920000 231.591000 9182
30 229.272000 222.645000 4970
31 228.652000 223.519000 5091
32 244.291000 235.285000 8404
33 227.318000 222.522000 3593
34 227.599000 222.183000 4169
35 228.742000 223.066000 4759
36 238.038000 232.095000 4592
37 229.663000 223.831000 6482
38 227.740000 222.053000 4611
39 243.463000 235.024000 7691
40 228.398000 222.479000 4604
41 241.012000 233.096000 7110
42 227.481000 221.580000 4782
43 227.841000 222.343000 4386
44 229.167000 222.965000 4808
45 238.554000 231.192000 6963
46 229.283000 222.308000 5297
47 228.296000 222.831000 4129
48 227.267000 222.472000 3522
49 226.303000 222.193000 4439
50 248.654000 239.468000 9683
51 228.363000 223.214000 4255
52 228.070000 223.437000 4623
53 228.415000 223.405000 4006
54 227.690000 222.902000 4098
55 227.680000 221.963000 4455
56 228.664000 221.799000 6015
57 228.102000 222.643000 4372
58 227.508000 221.846000 4427
59 236.233000 227.802000 7676
60 228.280000 223.214000 4334
61 236.972000 230.392000 5540
62 231.675000 225.197000 5844
63 227.959000 223.283000 4008
64 227.955000 221.558000 5162
65 228.479000 223.124000 4565
66 230.273000 224.146000 4594
67 230.168000 222.640000 5195
68 229.167000 223.290000 4890
69 228.809000 223.259000 4013
70 228.114000 223.303000 4550
71 229.448000 223.490000 4192
72 229.236000 223.470000 5305
73 236.331000 230.958000 5612
74 227.981000 222.784000 4215
75 229.092000 223.472000 4437
76 227.897000 223.161000 4084
77 233.084000 228.476000 4708
78 229.967000 224.229000 4389
79 228.204000 222.145000 4816
80 228.457000 222.837000 4430
81 230.412000 223.441000 5206
82 243.170000 234.104000 8193
83 228.340000 223.289000 3701
84 228.027000 222.873000 4665
85 229.251000 222.933000 5265
86 239.682000 231.608000 8756
87 228.067000 223.466000 4372
88 227.980000 222.349000 4372
89 228.721000 222.712000 4616
90 228.142000 223.270000 4461
91 244.584000 236.616000 7663
92 227.714000 223.310000 4214
93 227.508000 223.073000 4532
94 229.588000 224.522000 4266
95 243.573000 235.392000 8955
96 228.589000 223.110000 4174
97 230.136000 223.973000 5175
98 228.662000 222.446000 4749
99 228.890000 223.886000 4708
100 246.648000 238.032000 9132
101 227.984000 223.216000 4433
102 227.806000 223.773000 4976
103 227.749000 223.225000 4385
104 243.592000 234.363000 8732
105 229.935000 223.211000 4689
106 226.646000 222.584000 4534
107 227.110000 223.213000 4412
108 228.504000 223.344000 4614
109 243.587000 235.221000 7727
110 229.708000 222.631000 4560
111 228.833000 223.671000 4936
112 227.386000 222.236000 4213
113 227.890000 222.582000 4251
114 232.778000 227.924000 4897
115 228.316000 222.382000 4736
116 225.696000 221.820000 3759
117 228.623000 223.513000 4948
118 229.870000 224.012000 5406
119 227.615000 222.110000 4267
120 230.428000 224.172000 5795
121 228.907000 222.903000 4843
122 227.832000 222.496000 4363
123 236.893000 231.840000 5994
124 227.673000 222.815000 4585
125 229.899000 223.545000 4773
126 228.053000 222.910000 3943
127 233.857000 229.034000 5044
128 229.141000 222.896000 5664
129 228.075000 222.167000 4811
130 227.950000 222.805000 4924
131 239.526000 231.569000 7760
132 246.423000 237.504000 8546
133 246.467000 237.505000 8506
134 246.554000 237.597000 8511
135 238.968000 233.254000 6357
136 227.807000 223.198000 4523
137 230.762000 223.862000 5127
138 229.024000 223.121000 5766
139 228.607000 223.322000 5213
140 228.923000 223.560000 5381
141 237.898000 229.722000 5367
142 226.528000 221.565000 3046
143 226.307000 222.932000 3744
144 228.453000 222.337000 4922
145 231.762000 227.113000 4859
146 229.513000 223.533000 5400
147 226.215000 221.707000 3846
148 243.441000 235.820000 7714
149 228.870000 222.201000 4987
150 238.940000 230.611000 8139
151 228.997000 222.714000 5181
152 228.078000 222.591000 3572
153 226.433000 222.626000 3671
154 236.440000 229.847000 6743
155 228.460000 223.494000 5454
156 227.696000 222.478000 4716
157 230.616000 223.756000 6071
158 228.816000 221.762000 5430
159 244.819000 236.383000 8220
160 229.170000 222.737000 5399
161 227.510000 222.227000 4070
162 228.479000 222.428000 5251
163 227.611000 222.202000 4211
164 227.560000 222.994000 4586
165 230.790000 224.020000 5647
166 227.019000 222.564000 4250
167 227.654000 221.725000 5301
168 237.200000 229.505000 7439
169 227.364000 222.569000 4670
170 228.318000 222.138000 4113
171 227.105000 222.859000 4347
172 227.435000 222.820000 4622
173 228.475000 223.290000 4529
174 225.576000 221.584000 3967
175 228.534000 222.634000 5134
176 229.118000 223.093000 5075
177 227.977000 222.647000 4956
178 227.734000 221.870000 4937
179 227.929000 222.668000 4512
180 229.627000 224.653000 4918
181 230.052000 224.407000 4588
182 251.260000 242.269000 9014
183 229.051000 223.070000 4138
184 231.192000 224.660000 5643
185 229.117000 224.464000 4696
186 235.657000 229.919000 5354
187 230.144000 224.141000 4546
188 230.210000 224.101000 4909
189 230.378000 224.193000 4991
190 228.603000 223.508000 4413
191 245.802000 236.434000 8377
192 229.920000 224.396000 4125
193 228.406000 222.621000 4663
194 230.164000 224.300000 4644
195 237.243000 231.858000 5682
196 229.228000 222.973000 4898
197 230.251000 224.668000 4658
198 228.026000 223.030000 4198
199 228.413000 222.774000 4654
200 246.706000 238.663000 8058
[FINAL]:
Server Throughput=431282.042369 Byte/s
AverageUPL=231.176000
    AverageRTT=225.299000
    tcpi_retransmits=0
    tcpi_rto=440000
    tcpi_lost=0
    tcpi_retrans=0
    tcpi_snd_cwnd=140
    tcpi_snd_ssthresh=2147483647
    tcpi_total_retrans=0
1 422.762000 210.032000 2681
2 216.704000 213.671000 2666
3 228.679000 223.638000 4197
4 228.811000 223.330000 4147
5 226.867000 221.537000 4129
6 245.486000 237.272000 7978
7 228.425000 223.509000 3903
8 226.583000 221.757000 4382
9 229.212000 223.526000 4509
10 235.560000 227.862000 7924
11 229.684000 223.323000 4351
12 229.933000 224.201000 4519
13 229.702000 223.810000 4559
14 242.963000 236.776000 5738
15 247.195000 238.355000 8644
16 228.103000 222.950000 4460
17 229.836000 223.930000 4828
18 235.532000 230.031000 5389
19 238.924000 233.217000 5459
20 229.399000 223.720000 4433
21 228.351000 223.505000 4188
22 229.736000 223.144000 5104
23 227.203000 220.662000 4479
24 249.191000 238.576000 8923
25 228.603000 223.695000 4428
26 229.372000 223.889000 4049
27 229.808000 223.660000 4018
28 237.423000 229.731000 7717
29 457.596000 415.182000 51390
30 484.660000 427.069000 54736
31 515.041000 474.036000 49303
32 484.463000 434.393000 42127
33 546.706000 472.824000 78195
34 515.370000 467.050000 55913
35 515.715000 453.341000 63069
36 469.294000 420.496000 47661
37 310.227000 301.186000 12032
38 281.071000 265.775000 14824
39 283.757000 269.136000 16893
40 281.563000 269.918000 14586
41 310.170000 292.124000 22156
42 226.961000 222.054000 3729
43 228.657000 224.368000 4729
44 226.083000 220.569000 4602
45 228.918000 224.032000 4699
46 227.156000 221.893000 4771
47 224.882000 220.540000 5130
48 225.044000 221.838000 3601
49 227.136000 222.234000 5344
50 236.640000 229.533000 5045
51 234.091000 228.972000 5382
52 229.417000 222.834000 5231
53 229.554000 224.904000 4662
54 239.007000 230.606000 7509
55 228.875000 224.021000 5421
56 227.368000 222.590000 4267
57 228.512000 222.885000 4903
58 227.566000 223.778000 4308
59 245.799000 238.349000 8069
60 229.060000 222.569000 4068
61 228.097000 221.547000 4089
62 227.322000 222.450000 3926
63 228.761000 223.317000 4817
64 228.170000 223.413000 4778
65 227.496000 221.561000 4911
66 228.198000 221.974000 4044
67 226.954000 221.476000 4295
68 236.214000 228.678000 7235
69 228.287000 222.742000 3804
70 230.509000 224.276000 6184
71 229.339000 223.070000 5614
72 227.165000 222.349000 4347
73 228.303000 222.281000 4232
74 228.632000 222.229000 4579
75 227.564000 223.095000 4309
76 228.729000 224.015000 4677
77 229.339000 225.018000 4647
78 227.034000 221.570000 4523
79 226.658000 221.757000 4086
80 228.299000 222.894000 4153
81 226.661000 222.259000 4483
82 245.930000 237.241000 8056
83 227.922000 222.640000 4298
84 227.867000 222.741000 3610
85 230.353000 222.456000 4585
86 236.405000 231.178000 4766
87 227.439000 221.668000 4133
88 228.924000 223.801000 5113
89 227.855000 222.067000 4693
90 227.237000 221.638000 4981
91 246.798000 238.500000 9002
92 228.827000 223.312000 5238
93 228.756000 223.764000 5002
94 227.475000 221.931000 4181
95 232.506000 224.665000 6568
96 230.028000 223.448000 5597
97 229.142000 223.882000 4626
98 229.935000 224.034000 5337
99 226.088000 222.249000 4347
100 245.819000 236.227000 9103
101 229.159000 222.883000 5165
102 227.111000 221.694000 3163
103 227.183000 221.403000 4828
104 226.857000 221.947000 4245
105 241.531000 234.598000 6499
106 229.042000 223.191000 4901
107 225.560000 220.084000 4332
108 227.589000 222.692000 4801
109 229.481000 223.338000 5323
110 229.937000 223.306000 5486
111 227.989000 222.863000 5073
112 228.660000 223.241000 5566
113 227.640000 221.449000 5142
114 232.527000 226.538000 6174
115 227.989000 223.385000 5075
116 227.908000 222.904000 4428
117 243.770000 235.926000 8385
118 228.847000 223.605000 4700
119 228.272000 223.200000 4934
120 228.436000 222.295000 4887
121 225.990000 220.940000 3381
122 224.779000 220.532000 4313
123 240.965000 232.721000 7768
124 228.152000 223.409000 4574
125 228.641000 223.137000 5233
126 228.954000 223.553000 5405
127 243.010000 235.203000 5636
128 228.213000 222.502000 4609
129 227.443000 222.467000 4821
130 226.073000 221.777000 3568
131 228.735000 223.377000 4133
132 251.281000 240.423000 9182
133 229.679000 225.168000 4888
134 230.555000 222.994000 5329
135 230.157000 222.942000 5646
136 242.388000 235.492000 6946
137 230.621000 224.254000 4984
138 230.491000 224.270000 5010
139 247.402000 244.367000 5206
140 499.863000 444.391000 61350
141 484.182000 425.718000 51785
142 515.208000 458.584000 56996
143 499.893000 445.534000 45001
144 468.594000 435.785000 41000
145 484.423000 440.917000 45240
146 291.173000 279.800000 11449
147 292.912000 275.595000 18608
148 283.264000 271.799000 13743
149 285.537000 268.251000 16010
150 275.159000 266.407000 10879
151 306.069000 283.193000 23090
152 294.496000 277.360000 17070
153 280.316000 263.829000 15704
154 283.660000 269.552000 14768
155 282.538000 269.988000 13655
156 275.419000 263.105000 11481
157 277.374000 266.629000 11768
158 293.687000 275.454000 20079
159 282.152000 268.312000 13335
160 283.579000 269.550000 14103
161 280.041000 267.502000 15123
162 279.204000 269.804000 10722
163 284.868000 269.953000 15571
164 286.034000 271.434000 14558
165 281.839000 266.378000 14783
166 303.467000 287.276000 17508
167 282.215000 267.524000 14946
168 283.250000 268.642000 14993
169 293.367000 274.051000 18276
170 288.735000 277.263000 14693
171 287.922000 270.868000 16478
172 284.985000 270.364000 13859
173 307.588000 284.453000 23267
174 287.360000 272.530000 16356
175 284.801000 268.223000 15558
176 288.093000 272.288000 16907
177 284.773000 268.034000 17276
178 271.843000 262.718000 11392
179 284.021000 271.708000 14226
180 287.490000 271.607000 15940
181 285.552000 271.189000 14740
182 277.828000 268.716000 12235
183 278.684000 265.498000 15194
184 359.507000 317.145000 44954
185 484.403000 429.717000 60740
186 515.361000 454.190000 63096
187 468.838000 419.624000 46288
188 483.758000 436.007000 47500
189 484.370000 449.495000 42762
190 484.061000 450.746000 40244
191 515.707000 457.468000 59991
192 469.123000 432.754000 44459
193 514.895000 471.463000 55359
194 484.362000 435.223000 50587
195 504.787000 449.243000 48066
196 499.634000 439.683000 56254
197 483.913000 447.934000 45582
198 468.609000 435.613000 41661
199 484.175000 431.519000 61546
200 484.207000 431.873000 56130
[FINAL]:
Server Throughput=352438.501728 Byte/s
AverageUPL=310.221000
    AverageRTT=291.375000
    tcpi_retransmits=0
    tcpi_rto=708000
    tcpi_lost=0
    tcpi_retrans=0
    tcpi_snd_cwnd=140
    tcpi_snd_ssthresh=2147483647
    tcpi_total_retrans=0
1 624.604000 299.530000 22221
2 343.491000 317.563000 22415
3 484.776000 447.376000 43341
4 499.567000 463.371000 41710
5 517.524000 474.770000 53550
6 482.067000 446.815000 43976
7 484.590000 440.611000 43724
8 499.709000 456.055000 56763
9 515.619000 472.257000 50295
10 468.713000 424.910000 45399
11 499.663000 455.280000 44678
12 483.949000 440.478000 43520
13 515.831000 468.613000 49824
14 417.034000 398.376000 17957
15 484.000000 435.129000 51009
16 499.751000 450.502000 52256
17 468.560000 425.216000 40770
18 420.561000 408.136000 21377
19 466.031000 418.012000 50456
20 294.882000 278.701000 16283
21 278.843000 265.632000 14685
22 273.338000 261.636000 12881
23 273.208000 259.774000 13864
24 260.916000 250.028000 11142
25 237.407000 232.655000 5509
26 237.417000 230.968000 6348
27 239.648000 233.923000 6476
28 237.570000 231.654000 6791
29 255.752000 248.043000 9575
30 237.322000 231.953000 5865
31 239.119000 232.602000 6594
32 239.483000 232.697000 6934
33 238.322000 232.670000 6374
34 238.433000 231.871000 7014
35 238.538000 231.701000 6430
36 229.781000 223.816000 4608
37 250.340000 240.185000 9968
38 231.405000 226.059000 4471
39 229.996000 224.362000 5425
40 249.019000 239.064000 9205
41 239.608000 233.140000 8191
42 230.157000 223.881000 4540
43 231.080000 224.353000 5068
44 230.250000 224.611000 4612
45 229.899000 224.183000 4672
46 245.719000 236.794000 7549
47 229.669000 223.925000 4309
48 230.343000 224.197000 5255
49 227.342000 221.733000 4403
50 235.563000 227.822000 7927
51 228.186000 222.954000 3833
52 228.227000 223.231000 4070
53 225.799000 221.560000 4246
54 227.746000 222.389000 4172
55 247.755000 238.420000 9240
56 227.863000 221.689000 4457
57 227.823000 222.653000 4322
58 229.134000 223.541000 4388
59 229.373000 223.080000 5191
60 229.422000 223.832000 4647
61 226.675000 222.185000 5032
62 228.479000 222.813000 4591
63 228.293000 222.753000 4726
64 230.255000 223.181000 5366
65 227.458000 222.721000 3490
66 228.088000 222.315000 4862
67 228.468000 223.394000 4488
68 228.140000 222.923000 4447
69 246.253000 238.050000 8900
70 226.472000 222.785000 3908
71 227.248000 222.761000 4455
72 229.779000 223.523000 5201
73 229.293000 224.139000 4306
74 228.889000 223.172000 4595
75 227.952000 223.089000 4205
76 228.875000 222.558000 5366
77 226.833000 222.051000 3949
78 243.468000 234.671000 8215
79 227.369000 222.581000 3685
80 227.980000 221.706000 4650
81 227.790000 223.110000 4691
82 237.527000 231.409000 5555
83 237.911000 231.016000 6974
84 227.716000 222.350000 4095
85 227.854000 223.399000 4626
86 226.860000 221.932000 5199
87 246.967000 237.695000 8793
88 228.367000 222.808000 4234
89 228.439000 222.778000 4897
90 228.592000 222.010000 4355
91 239.253000 230.121000 8149
92 226.747000 222.305000 4338
93 231.226000 222.661000 4989
94 227.867000 221.477000 5028
95 227.574000 222.330000 4514
96 243.509000 234.661000 8277
97 227.570000 222.823000 3913
98 227.449000 222.588000 4125
99 226.791000 222.990000 4631
100 227.658000 222.306000 4211
101 228.683000 221.849000 4295
102 229.688000 223.498000 4913
103 228.396000 222.924000 4402
104 228.470000 222.646000 3942
105 231.449000 223.943000 5939
106 228.282000 222.603000 4036
107 229.311000 222.806000 4106
108 229.621000 223.214000 5656
109 227.322000 222.375000 4175
110 229.888000 224.861000 4833
111 227.743000 222.288000 4275
112 226.955000 222.088000 3671
113 229.928000 224.201000 6322
114 239.998000 230.718000 8179
115 227.178000 222.556000 4539
116 227.688000 222.244000 4278
117 226.298000 221.673000 3974
118 227.265000 222.839000 4486
119 248.643000 237.722000 9044
120 227.188000 221.955000 2816
121 226.534000 221.564000 3690
122 228.341000 223.110000 4441
123 236.597000 230.466000 5178
124 228.722000 223.216000 4266
125 228.582000 223.224000 4137
126 256.042000 244.863000 8676
127 546.845000 492.795000 65543
128 464.336000 420.258000 36154
129 531.162000 468.508000 65224
130 468.549000 431.299000 41443
131 468.471000 429.457000 43089
132 500.016000 452.288000 50367
133 484.927000 443.411000 40991
134 467.943000 423.569000 41958
135 468.821000 420.297000 46527
136 531.188000 488.419000 51195
137 499.774000 468.360000 39195
138 499.624000 435.131000 62461
139 468.842000 418.247000 47009
140 499.592000 462.070000 47745
141 499.887000 464.508000 39972
142 515.374000 461.459000 57787
143 468.457000 437.191000 38334
144 515.705000 455.278000 62740
145 483.880000 449.373000 38770
146 500.178000 463.427000 42589
147 515.538000 471.639000 45952
148 499.686000 447.518000 51399
149 484.458000 442.514000 40693
150 469.061000 425.456000 45146
151 546.293000 484.326000 72813
152 452.923000 420.343000 38882
153 491.360000 441.782000 53617
154 468.253000 418.807000 50530
155 499.858000 446.242000 62163
156 499.929000 447.872000 57361
157 331.884000 318.075000 12434
158 287.139000 274.298000 14135
159 275.743000 268.149000 10882
160 283.962000 270.096000 15795
161 286.937000 269.271000 17894
162 285.322000 275.648000 12548
163 292.362000 275.340000 17989
164 287.326000 270.319000 16430
165 310.985000 295.174000 20160
166 278.445000 267.995000 10352
167 283.133000 269.580000 14832
168 285.118000 269.123000 17006
169 281.422000 269.570000 14886
170 287.438000 271.353000 17454
171 281.763000 269.965000 13846
172 281.370000 268.784000 14218
173 285.825000 269.119000 16143
174 281.016000 266.418000 16061
175 286.450000 270.687000 16533
176 316.466000 300.313000 19836
177 280.063000 269.933000 9791
178 283.807000 272.547000 12572
179 281.560000 267.233000 15365
180 270.172000 259.812000 9980
181 284.931000 269.963000 14881
182 280.042000 269.207000 14323
183 295.145000 281.828000 16958
184 278.016000 264.400000 13147
185 281.486000 271.118000 11699
186 279.266000 268.466000 12311
187 309.276000 292.416000 22991
188 279.386000 265.467000 15159
189 285.341000 272.857000 11938
190 283.538000 268.471000 16093
191 284.136000 269.993000 14436
192 284.709000 267.797000 17470
193 289.581000 273.693000 15296
194 294.278000 277.908000 16347
195 368.086000 326.371000 40967
196 468.347000 431.346000 48274
197 515.402000 481.764000 43598
198 484.278000 439.932000 43921
199 515.427000 461.684000 54912
200 469.085000 427.391000 44085
[FINAL]:
Server Throughput=318496.330413 Byte/s
AverageUPL=345.512000
    AverageRTT=322.381000
    tcpi_retransmits=0
    tcpi_rto=696000
    tcpi_lost=0
    tcpi_retrans=0
    tcpi_snd_cwnd=98
    tcpi_snd_ssthresh=98
    tcpi_total_retrans=0
