cca=BBR, bf1=1, bf2=0, c2s=1 bytes, s2c=1000000 bytes, d1=1ms, d2=50ms, bw1=100Mbps, bw2=10Mbps
1 1429.387000 218.978000 117124
2 1169.763000 205.462000 114875
3 1165.101000 194.024000 109032
4 1178.776000 183.998000 101827
5 1229.224000 175.232000 93901
6 1047.761000 167.037000 86816
7 996.856000 159.640000 79906
8 981.461000 152.945000 73318
9 979.419000 147.120000 66640
10 989.427000 142.086000 60047
11 982.903000 137.619000 53969
12 979.740000 133.747000 48222
13 980.326000 130.305000 43050
14 984.841000 127.271000 38357
15 984.252000 124.557000 34194
16 982.462000 122.393000 29974
17 979.394000 120.469000 26329
18 979.494000 118.726000 23232
19 1337.602000 117.135000 20606
20 3014.554000 115.782000 18161
21 5971.980000 123.312000 28680
22 5669.918000 129.291000 33469
23 5536.678000 136.629000 39776
24 1555.299000 133.248000 36593
25 1048.764000 130.113000 33714
26 1068.059000 127.534000 30445
27 1096.536000 125.168000 27565
28 1086.258000 122.792000 25427
29 972.276000 120.754000 23144
30 1330.150000 119.035000 20797
31 1037.449000 117.469000 18730
32 1417.045000 116.016000 16953
33 978.554000 114.816000 15116
34 1691.486000 113.714000 13541
35 984.988000 112.859000 11866
36 1100.861000 112.059000 10498
37 993.203000 111.407000 9178
38 981.497000 110.728000 8242
39 1313.915000 110.262000 7113
40 980.250000 109.801000 6256
41 1178.669000 109.272000 5750
42 977.910000 108.822000 5213
43 980.618000 108.501000 4552
44 981.256000 108.160000 4096
45 1004.740000 107.928000 3535
46 984.311000 107.867000 2774
47 981.236000 107.698000 2420
48 976.111000 107.549000 2112
49 982.029000 107.359000 1963
50 977.089000 107.192000 1808
51 1079.419000 107.056000 1626
52 1156.627000 107.034000 1264
53 1275.607000 106.903000 1211
54 978.536000 106.851000 1012
55 989.183000 106.891000 840
56 3679.070000 106.793000 826
57 1402.054000 108.031000 3096
58 1117.840000 108.824000 3908
59 1142.689000 108.696000 3187
60 1096.478000 108.736000 2471
61 1400.172000 108.658000 2011
62 991.436000 108.727000 1646
63 985.046000 108.606000 1477
64 983.702000 108.278000 1513
65 978.029000 108.119000 1452
66 975.930000 107.869000 1469
67 1294.459000 107.635000 1481
68 980.845000 107.387000 1497
69 977.814000 107.210000 1476
70 1089.281000 107.107000 1314
71 977.183000 107.089000 1021
72 1320.031000 107.078000 788
73 982.333000 106.975000 789
74 980.773000 106.915000 713
75 983.520000 106.818000 715
76 1076.517000 106.715000 718
77 1280.620000 106.701000 566
78 1565.207000 106.676000 475
79 976.036000 106.594000 480
80 1176.715000 106.677000 527
81 979.779000 106.664000 420
82 976.687000 106.596000 424
83 980.390000 106.621000 367
84 1063.919000 106.579000 359
85 980.309000 106.655000 421
86 982.069000 106.550000 434
87 983.232000 106.405000 457
88 981.824000 106.421000 375
89 1724.646000 106.347000 382
90 6091.704000 116.800000 21191
91 5686.081000 125.570000 33434
92 5677.794000 133.227000 40389
93 5276.845000 139.967000 43773
94 1619.149000 137.122000 38521
95 1050.771000 133.542000 36050
96 1039.348000 130.343000 33435
97 1016.303000 127.741000 30281
98 994.556000 125.203000 27786
99 990.677000 123.100000 25046
100 985.901000 120.976000 23034
101 984.601000 119.121000 20985
102 978.882000 117.483000 19014
103 982.338000 116.162000 16903
104 981.474000 114.961000 15079
105 977.962000 113.916000 13399
106 977.985000 112.903000 12075
107 978.917000 112.089000 10684
108 980.538000 111.343000 9506
109 978.219000 110.620000 8576
110 977.910000 110.104000 7463
111 1006.013000 109.614000 6578
112 1250.970000 109.191000 5779
113 1056.377000 109.084000 4548
114 980.874000 108.889000 3802
115 1039.143000 108.457000 3714
116 1342.537000 108.143000 3414
117 986.637000 107.865000 3117
118 979.119000 107.810000 2447
119 2917.963000 107.624000 2208
120 3077.175000 114.492000 15393
121 1132.333000 114.546000 11653
122 1315.324000 113.841000 10149
123 997.128000 113.061000 9171
124 986.050000 112.254000 8492
125 978.449000 111.541000 7796
126 978.305000 110.854000 7221
127 982.107000 110.289000 6546
128 979.046000 109.843000 5801
129 981.870000 109.415000 5207
130 989.540000 108.895000 4945
131 1071.225000 108.651000 4196
132 975.838000 108.327000 3796
133 1308.820000 108.161000 3178
134 976.017000 107.934000 2839
135 973.577000 107.782000 2434
136 982.135000 107.573000 2241
137 1044.051000 107.288000 2243
138 1015.081000 107.107000 2043
139 1072.998000 106.937000 1874
140 1039.877000 106.755000 1769
141 1081.932000 106.740000 1355
142 1045.075000 106.778000 1091
143 974.751000 106.732000 910
144 979.310000 106.591000 917
145 974.106000 106.621000 748
146 1024.474000 106.518000 751
147 1086.959000 106.457000 686
148 980.316000 106.444000 540
149 980.884000 106.414000 466
150 1046.619000 106.299000 480
151 1287.644000 106.397000 555
152 977.002000 106.372000 466
153 977.636000 106.368000 357
154 977.731000 106.351000 301
155 973.508000 106.301000 304
156 1303.178000 106.263000 304
157 977.279000 106.266000 234
158 978.663000 106.348000 339
159 1449.531000 106.328000 294
160 3464.723000 111.249000 10064
161 5351.793000 115.877000 16804
162 2112.564000 114.922000 14513
163 986.232000 114.187000 12355
164 979.767000 113.131000 11379
165 1001.789000 112.274000 10248
166 1035.895000 111.542000 9149
167 1025.725000 110.831000 8283
168 1080.548000 110.230000 7415
169 977.985000 109.772000 6478
170 982.162000 109.236000 5931
171 983.382000 108.907000 5106
172 982.570000 108.584000 4476
173 977.760000 108.340000 3844
174 1599.897000 108.048000 3468
175 975.674000 107.802000 3092
176 988.172000 107.498000 2926
177 978.924000 107.299000 2593
178 976.523000 107.118000 2306
179 987.796000 106.949000 2068
180 977.047000 106.900000 1650
181 973.419000 106.724000 1589
182 996.270000 106.581000 1478
183 984.138000 106.561000 1149
184 1357.887000 106.616000 971
185 1087.560000 106.634000 765
186 975.472000 106.518000 770
187 979.804000 106.494000 625
188 1085.466000 106.472000 514
189 1967.841000 106.527000 497
190 4038.735000 115.883000 19084
191 5699.902000 121.781000 26109
192 5800.720000 126.994000 30008
193 2196.416000 125.702000 25090
194 1781.740000 124.578000 21066
195 1050.827000 122.316000 20323
196 994.670000 120.344000 19187
197 980.520000 118.615000 17848
198 982.398000 117.172000 16272
199 980.473000 115.887000 14775
200 978.826000 114.580000 13694
[FINAL]:
Client Throughput=0.722407 Byte/s
AverageUPL=1306.120000
    AverageRTT=110.371000
    tcpi_retransmits=0
    tcpi_rto=316000
    tcpi_lost=0
    tcpi_retrans=0
    tcpi_snd_cwnd=18
    tcpi_snd_ssthresh=2147483647
    tcpi_total_retrans=10
cca=BBR, bf1=1, bf2=4, c2s=1 bytes, s2c=1000000 bytes, d1=1ms, d2=50ms, bw1=100Mbps, bw2=10Mbps
1 1213.560000 213.086000 114368
2 939.524000 199.710000 112528
3 941.079000 188.035000 107748
4 940.403000 177.759000 101362
5 939.532000 168.755000 94028
6 939.281000 160.899000 86234
7 939.005000 154.045000 78384
8 940.314000 148.079000 70719
9 939.070000 142.766000 63667
10 939.552000 138.180000 56921
11 940.075000 134.203000 50645
12 939.569000 130.652000 45085
13 940.450000 127.656000 39807
14 1251.519000 125.028000 35112
15 943.691000 123.103000 30183
16 941.633000 121.181000 26482
17 940.712000 119.457000 23309
18 942.693000 117.842000 20711
19 939.666000 116.307000 18604
20 939.661000 115.044000 16479
21 940.578000 113.972000 14503
22 939.307000 112.907000 13007
23 939.568000 112.034000 11501
24 939.817000 111.311000 10072
25 939.673000 110.631000 8913
26 941.504000 110.194000 7559
27 939.523000 109.704000 6651
28 940.065000 109.191000 6014
29 939.811000 108.797000 5298
30 1244.265000 108.475000 4617
31 941.120000 108.314000 3785
32 940.175000 108.111000 3245
33 940.257000 107.923000 2810
34 940.558000 107.731000 2492
35 939.664000 107.606000 2119
36 940.657000 107.388000 2025
37 940.041000 107.305000 1684
38 939.574000 107.043000 1697
39 940.263000 106.911000 1537
40 939.726000 106.784000 1407
41 939.457000 106.675000 1272
42 940.650000 106.583000 1138
43 940.417000 106.542000 937
44 1142.374000 106.423000 937
45 941.187000 106.393000 763
46 940.423000 106.363000 633
47 939.937000 106.381000 512
48 940.201000 106.393000 408
49 939.942000 106.478000 476
50 939.111000 106.250000 518
51 939.732000 106.183000 519
52 938.842000 106.155000 444
53 939.644000 106.176000 373
54 1448.636000 106.130000 371
55 1822.269000 113.208000 14434
56 966.023000 112.703000 11836
57 943.563000 112.002000 10279
58 941.042000 111.396000 8920
59 1246.900000 110.796000 7891
60 939.994000 110.319000 6872
61 940.499000 109.845000 6102
62 940.172000 109.398000 5471
63 939.992000 108.971000 4957
64 940.590000 108.621000 4418
65 940.226000 108.359000 3837
66 939.707000 108.130000 3335
67 939.906000 107.937000 2889
68 939.478000 107.670000 2699
69 941.095000 107.426000 2512
70 941.936000 107.541000 2113
71 940.149000 107.454000 1759
72 1246.109000 107.289000 1649
73 939.992000 107.078000 1650
74 939.138000 106.920000 1554
75 939.071000 106.823000 1360
76 939.854000 106.733000 1199
77 939.639000 106.738000 909
78 939.883000 106.675000 807
79 939.649000 106.618000 719
80 939.356000 106.424000 745
81 940.748000 106.277000 758
82 940.303000 106.303000 622
83 939.932000 106.326000 513
84 1246.518000 106.250000 516
85 939.963000 106.292000 471
86 939.218000 106.225000 473
87 939.667000 106.228000 361
88 939.588000 106.199000 329
89 938.774000 106.100000 344
90 1809.846000 106.030000 350
91 3187.756000 114.337000 16877
92 1968.423000 120.951000 25886
93 997.230000 119.978000 21361
94 960.748000 119.121000 17734
95 961.090000 118.378000 14787
96 960.701000 117.690000 12466
97 965.630000 117.086000 10558
98 961.890000 116.152000 9785
99 958.600000 115.754000 8136
100 961.434000 115.046000 7518
101 960.974000 114.827000 6077
102 940.232000 113.789000 6146
103 940.000000 112.932000 6168
104 939.232000 111.998000 6209
105 938.935000 111.244000 6165
106 940.205000 110.650000 5810
107 939.032000 110.084000 5490
108 938.981000 109.604000 5078
109 939.083000 109.168000 4681
110 940.693000 108.820000 4207
111 939.742000 108.503000 3788
112 940.560000 108.242000 3363
113 940.493000 108.069000 2868
114 943.203000 107.820000 2650
115 940.030000 107.617000 2394
116 939.238000 107.353000 2322
117 939.550000 107.243000 1963
118 942.195000 107.238000 1482
119 938.959000 107.016000 1491
120 1243.404000 106.867000 1416
121 939.887000 106.787000 1223
122 938.725000 106.666000 1158
123 940.863000 106.661000 878
124 942.681000 106.683000 701
125 941.729000 106.644000 602
126 945.395000 106.551000 607
127 938.762000 106.410000 623
128 939.430000 106.338000 610
129 938.793000 106.188000 629
130 946.391000 106.603000 1301
131 942.470000 106.939000 1648
132 939.736000 106.815000 1484
133 939.569000 106.744000 1256
134 939.299000 106.632000 1166
135 940.422000 106.470000 1170
136 940.758000 106.426000 966
137 939.588000 106.399000 779
138 1245.379000 106.389000 605
139 940.279000 106.281000 613
140 940.255000 106.122000 633
141 939.692000 106.036000 635
142 941.651000 106.118000 641
143 963.083000 106.154000 552
144 943.916000 106.016000 569
145 949.209000 105.973000 514
146 943.576000 105.912000 505
147 944.111000 105.876000 452
148 945.424000 105.906000 400
149 952.055000 106.020000 528
150 957.871000 106.115000 586
151 939.896000 106.094000 482
152 945.714000 106.182000 537
153 953.324000 106.205000 448
154 1245.040000 106.194000 358
155 942.281000 106.148000 358
156 939.243000 106.054000 370
157 940.361000 106.180000 529
158 1126.079000 106.115000 526
159 1112.427000 106.157000 479
160 1019.103000 106.173000 391
161 1021.511000 106.112000 394
162 939.828000 106.069000 382
163 960.243000 106.095000 339
164 940.752000 106.158000 379
165 975.313000 110.530000 9029
166 940.710000 110.073000 7685
167 939.516000 109.506000 6897
168 941.078000 109.169000 5848
169 4025.420000 108.793000 5137
170 5728.845000 118.580000 23425
171 1773.267000 118.416000 17896
172 1265.368000 118.193000 13868
173 942.294000 116.993000 12802
174 942.114000 115.934000 11719
175 940.093000 114.815000 11027
176 941.320000 113.825000 10250
177 939.245000 112.841000 9656
178 940.154000 112.047000 8830
179 940.316000 111.377000 7962
180 940.229000 110.826000 7075
181 939.286000 110.131000 6694
182 938.715000 109.537000 6210
183 938.729000 108.926000 5879
184 939.605000 108.584000 5093
185 939.517000 108.230000 4528
186 939.739000 108.001000 3853
187 939.854000 107.830000 3233
188 939.713000 107.617000 2851
189 938.802000 107.264000 2843
190 939.255000 107.156000 2349
191 939.579000 107.125000 1825
192 939.758000 106.912000 1794
193 1244.919000 106.841000 1488
194 3496.561000 106.723000 1351
195 3032.001000 116.768000 21103
196 1494.896000 117.255000 16801
197 1494.943000 117.166000 12778
198 1827.709000 117.101000 9713
199 1398.870000 117.087000 7313
200 956.125000 116.050000 7344
[FINAL]:
Client Throughput=0.934914 Byte/s
AverageUPL=1120.854000
    AverageRTT=108.901000
    tcpi_retransmits=0
    tcpi_rto=320000
    tcpi_lost=0
    tcpi_retrans=0
    tcpi_snd_cwnd=18
    tcpi_snd_ssthresh=2147483647
    tcpi_total_retrans=0
cca=CUBIC, bf1=1, bf2=0, c2s=1 bytes, s2c=1000000 bytes, d1=1ms, d2=50ms, bw1=100Mbps, bw2=10Mbps
1 2389.722000 212.451000 113903
2 2112.392000 199.332000 111666
3 2128.311000 187.712000 106988
4 4232.706000 177.620000 100426
5 5251.836000 178.788000 77655
6 5326.685000 179.807000 60280
7 2683.136000 180.704000 47003
8 1947.415000 171.637000 47801
9 2114.751000 163.812000 48263
10 2028.962000 156.886000 48486
11 1814.691000 150.709000 48515
12 1991.102000 145.286000 47232
13 2186.648000 140.599000 44798
14 1966.235000 136.362000 42072
15 1841.095000 132.637000 39004
16 1972.860000 129.311000 35905
17 2176.485000 126.584000 32383
18 1953.201000 124.006000 29443
19 1843.810000 121.829000 26437
20 1978.968000 119.892000 23702
21 3982.651000 118.164000 21233
22 1999.848000 117.979000 16294
23 2013.725000 117.577000 13025
24 2105.429000 116.256000 12409
25 2099.009000 115.385000 11049
26 2263.282000 114.395000 10268
27 1947.902000 113.546000 9399
28 1956.327000 112.871000 8399
29 2152.626000 112.169000 7703
30 2119.284000 111.436000 7244
31 2118.193000 110.887000 6531
32 2075.404000 110.359000 5955
33 1902.018000 109.890000 5403
34 2063.064000 109.406000 5020
35 2077.486000 109.265000 4047
36 2076.252000 108.965000 3636
37 2079.837000 108.830000 2996
38 2076.444000 108.875000 2336
39 2070.972000 108.737000 2029
40 2076.359000 108.632000 1732
41 2064.204000 108.430000 1702
42 2070.330000 108.300000 1537
43 2069.544000 108.180000 1392
44 2067.554000 108.044000 1317
45 2197.970000 107.926000 1224
46 5245.283000 117.764000 20596
47 5268.545000 126.442000 32801
48 2311.515000 134.018000 39754
49 2003.700000 130.967000 35918
50 2221.186000 128.161000 32551
51 1984.383000 125.728000 29279
52 1848.663000 123.409000 26597
53 1975.808000 121.322000 24123
54 2174.489000 119.392000 21951
55 1954.709000 117.683000 19881
56 1842.456000 116.392000 17494
57 1971.570000 115.112000 15680
58 2166.994000 114.019000 13946
59 1822.039000 113.008000 12482
60 1909.068000 112.205000 10966
61 2917.021000 111.519000 9597
62 2100.125000 111.179000 7877
63 2251.918000 110.601000 7065
64 1957.345000 110.228000 6044
65 2179.066000 109.833000 5323
66 2060.770000 109.473000 4712
67 2046.890000 109.166000 4148
68 2192.104000 108.868000 3708
69 1825.333000 108.588000 3341
70 2055.953000 108.401000 2880
71 2050.141000 108.170000 2621
72 2053.068000 108.007000 2292
73 2055.592000 107.863000 2007
74 2058.654000 107.752000 1728
75 2064.495000 107.747000 1306
76 2065.569000 107.610000 1253
77 2059.895000 107.432000 1258
78 2062.624000 107.543000 1166
79 2058.494000 107.396000 1166
80 2058.206000 107.286000 1094
81 2063.262000 107.290000 828
82 2061.718000 107.350000 742
83 2060.611000 107.209000 754
84 2064.488000 107.099000 758
85 2060.217000 107.059000 649
86 2058.727000 107.095000 559
87 2058.157000 106.953000 576
88 2055.320000 106.891000 557
89 2071.878000 106.897000 430
90 2064.773000 106.872000 374
91 2065.213000 106.831000 362
92 2060.557000 106.838000 285
93 1917.983000 106.752000 297
94 1959.746000 106.805000 328
95 1980.375000 106.840000 315
96 2296.677000 106.849000 255
97 1862.837000 106.807000 257
98 1919.674000 106.804000 199
99 2078.509000 106.809000 158
100 2290.141000 106.710000 178
101 2101.951000 107.141000 996
102 2132.199000 107.185000 833
103 2085.474000 107.444000 1144
104 2076.294000 107.431000 883
105 2079.699000 107.449000 697
106 2068.501000 107.508000 643
107 1826.918000 107.511000 487
108 1975.635000 107.496000 395
109 2175.687000 107.441000 397
110 1957.956000 107.369000 402
111 1845.491000 107.194000 433
112 1973.614000 107.178000 355
113 2175.840000 107.180000 269
114 1820.291000 107.120000 275
115 1907.478000 107.050000 284
116 2089.564000 107.036000 241
117 2087.971000 107.011000 231
118 2255.190000 107.094000 338
119 1953.185000 107.134000 334
120 2170.593000 107.113000 293
121 2140.316000 107.028000 305
122 2063.377000 107.039000 250
123 2067.492000 106.978000 258
124 2069.086000 106.881000 274
125 2079.443000 106.794000 287
126 2094.074000 107.085000 798
127 2093.893000 107.263000 953
128 2088.269000 107.467000 1124
129 2087.450000 107.438000 902
130 2122.989000 107.481000 762
131 2085.959000 107.547000 705
132 2127.159000 107.616000 666
133 2095.830000 107.707000 682
134 2128.740000 107.824000 745
135 2095.925000 108.024000 958
136 2092.668000 108.130000 931
137 2082.625000 108.031000 895
138 2081.038000 107.984000 765
139 2076.855000 107.943000 656
140 2083.945000 107.953000 511
141 2076.332000 107.806000 532
142 2074.295000 107.903000 592
143 2076.346000 107.909000 456
144 2070.937000 107.886000 388
145 2071.120000 107.748000 410
146 2069.425000 107.735000 334
147 2071.731000 107.702000 315
148 2068.003000 107.575000 337
149 2073.957000 107.634000 371
150 2075.242000 107.541000 383
151 2499.915000 107.443000 395
152 2092.973000 107.479000 370
153 2092.066000 107.623000 564
154 2084.725000 107.677000 532
155 2082.902000 107.566000 543
156 2081.114000 107.628000 530
157 2077.917000 107.670000 483
158 2096.795000 107.815000 651
159 2094.396000 107.998000 854
160 2093.208000 108.024000 693
161 2086.680000 108.074000 619
162 2084.845000 108.173000 663
163 2072.320000 108.089000 663
164 2069.125000 107.997000 665
165 2114.629000 107.945000 603
166 2071.123000 107.918000 506
167 2066.050000 107.849000 507
168 2066.055000 107.762000 513
169 2062.622000 107.670000 520
170 2063.697000 107.683000 416
171 2066.381000 107.630000 416
172 2074.077000 107.489000 438
173 2086.736000 107.447000 414
174 2087.805000 107.607000 631
175 2077.274000 107.678000 614
176 2078.370000 107.755000 616
177 2077.710000 107.703000 566
178 2079.937000 107.727000 471
179 2083.073000 107.814000 527
180 2097.056000 107.972000 712
181 2087.149000 107.951000 575
182 2089.173000 107.968000 465
183 2093.571000 108.151000 713
184 2088.042000 108.102000 632
185 2075.471000 108.003000 637
186 2075.561000 108.088000 646
187 2067.591000 108.081000 497
188 2100.651000 108.027000 481
189 2073.199000 107.941000 487
190 2066.477000 107.854000 493
191 2071.212000 107.745000 505
192 2071.888000 107.618000 521
193 2078.342000 107.574000 479
194 2074.282000 107.603000 417
195 2081.437000 107.616000 339
196 2095.728000 107.649000 321
197 2071.043000 107.599000 324
198 2081.284000 107.679000 403
199 2078.924000 107.718000 379
200 2082.667000 107.665000 380
[FINAL]:
Client Throughput=0.463536 Byte/s
AverageUPL=2078.093000
    AverageRTT=107.622000
    tcpi_retransmits=0
    tcpi_rto=308000
    tcpi_lost=0
    tcpi_retrans=0
    tcpi_snd_cwnd=10
    tcpi_snd_ssthresh=2147483647
    tcpi_total_retrans=0
cca=CUBIC, bf1=1, bf2=4, c2s=1 bytes, s2c=1000000 bytes, d1=1ms, d2=50ms, bw1=100Mbps, bw2=10Mbps
1 1192.783000 207.791000 110996
2 942.362000 195.284000 108262
3 941.351000 184.287000 103191
4 941.304000 174.773000 96420
5 939.635000 166.200000 89462
6 939.608000 158.607000 82283
7 940.667000 152.000000 74925
8 940.323000 146.202000 67790
9 940.199000 141.146000 60955
10 940.778000 136.673000 54661
11 939.121000 132.726000 48890
12 941.413000 129.385000 43350
13 949.248000 127.274000 36735
14 940.129000 124.556000 32986
15 940.288000 122.180000 29493
16 948.274000 120.144000 26191
17 942.681000 118.290000 23351
18 940.756000 116.750000 20594
19 946.812000 115.280000 18385
20 940.740000 114.056000 16237
21 940.526000 112.985000 14320
22 940.106000 112.017000 12676
23 939.698000 111.128000 11284
24 939.643000 110.322000 10076
25 940.551000 109.689000 8823
26 940.931000 109.216000 7563
27 940.789000 108.746000 6613
28 941.206000 108.457000 5537
29 940.094000 108.068000 4930
30 941.081000 107.830000 4173
31 940.766000 107.524000 3744
32 940.638000 107.242000 3370
33 940.385000 107.019000 2975
34 941.007000 106.871000 2526
35 941.193000 106.836000 1965
36 939.621000 106.568000 1971
37 940.255000 106.456000 1702
38 940.670000 106.367000 1454
39 940.483000 106.267000 1290
40 939.726000 106.125000 1253
41 940.974000 106.109000 971
42 940.508000 106.063000 821
43 940.018000 105.994000 753
44 940.438000 105.949000 654
45 943.008000 106.137000 867
46 941.204000 106.137000 651
47 940.920000 106.124000 514
48 940.001000 106.012000 526
49 940.927000 106.013000 398
50 941.037000 106.007000 311
51 940.460000 105.923000 322
52 940.692000 105.934000 265
53 939.623000 105.815000 286
54 939.925000 105.724000 300
55 941.302000 105.729000 236
56 941.427000 105.755000 229
57 939.646000 105.627000 254
58 940.979000 105.654000 245
59 940.906000 105.673000 220
60 940.328000 105.582000 235
61 940.286000 105.594000 201
62 940.114000 105.582000 175
63 942.634000 105.952000 872
64 942.844000 106.161000 1071
65 942.657000 106.302000 1086
66 942.015000 106.427000 1064
67 940.397000 106.248000 1076
68 941.278000 106.182000 939
69 941.277000 106.216000 772
70 940.273000 106.129000 753
71 940.815000 106.090000 642
72 940.443000 105.978000 649
73 940.375000 105.871000 656
74 940.103000 105.778000 658
75 940.148000 105.655000 669
76 940.806000 105.695000 582
77 941.155000 105.773000 592
78 941.063000 105.808000 515
79 939.734000 105.742000 516
80 940.638000 105.691000 489
81 940.329000 105.699000 383
82 940.888000 105.717000 325
83 939.755000 105.664000 328
84 940.639000 105.599000 333
85 940.061000 105.643000 338
86 940.693000 105.564000 347
87 5500.262000 112.088000 13307
88 5436.125000 119.479000 24762
89 5413.909000 125.955000 31524
90 5379.155000 131.619000 34971
91 5400.042000 136.582000 36153
92 3680.347000 140.938000 35827
93 1304.658000 137.256000 34234
94 1074.894000 139.698000 30560
95 941.769000 135.634000 30621
96 941.907000 132.037000 30161
97 941.488000 128.868000 28958
98 940.969000 126.023000 27408
99 966.349000 123.471000 25661
100 940.960000 121.239000 23709
101 970.070000 119.175000 21910
102 940.477000 117.488000 19807
103 944.374000 115.995000 17841
104 941.190000 114.762000 15847
105 940.950000 113.623000 14164
106 940.891000 112.661000 12545
107 970.453000 111.819000 11093
108 940.425000 111.049000 9860
109 958.134000 110.286000 8922
110 939.542000 109.666000 7930
111 941.043000 109.060000 7159
112 940.160000 108.621000 6248
113 940.500000 108.307000 5314
114 940.327000 107.913000 4774
115 940.971000 107.660000 4087
116 940.310000 107.343000 3699
117 940.201000 107.086000 3289
118 941.084000 106.942000 2754
119 942.723000 107.058000 2297
120 942.276000 107.029000 1780
121 941.295000 106.885000 1623
122 940.502000 106.722000 1543
123 940.348000 106.537000 1527
124 940.291000 106.405000 1410
125 941.346000 106.368000 1132
126 940.625000 106.233000 1118
127 940.216000 106.142000 1020
128 942.011000 106.112000 826
129 940.285000 106.067000 709
130 941.748000 106.001000 663
131 940.088000 105.831000 685
132 940.182000 105.775000 625
133 940.227000 105.682000 629
134 940.976000 105.743000 595
135 940.529000 105.725000 483
136 1876.483000 105.694000 424
137 2658.705000 105.748000 425
138 1831.257000 111.059000 10941
139 1822.179000 115.297000 16682
140 2690.691000 120.674000 23266
141 3252.238000 124.103000 24308
142 3117.513000 130.118000 30261
143 2320.246000 130.509000 23478
144 947.672000 127.608000 23411
145 2542.649000 131.241000 24824
146 1791.454000 131.924000 19983
147 941.836000 128.846000 20128
148 942.298000 126.213000 20157
149 942.580000 123.805000 19935
150 942.020000 121.704000 19153
151 940.962000 119.666000 18441
152 940.679000 117.979000 17204
153 940.470000 116.375000 16111
154 941.291000 115.093000 14649
155 939.919000 113.802000 13568
156 939.989000 112.653000 12473
157 940.456000 111.707000 11247
158 941.089000 111.049000 9752
159 939.591000 110.265000 8882
160 949.670000 109.758000 7675
161 940.684000 109.214000 6844
162 940.210000 108.814000 5934
163 940.771000 108.369000 5340
164 940.171000 108.000000 4743
165 950.380000 108.447000 4450
166 940.718000 108.049000 4133
167 944.117000 107.786000 3626
168 940.411000 107.520000 3252
169 940.685000 107.287000 2904
170 940.425000 107.060000 2632
171 939.858000 106.825000 2444
172 940.636000 106.698000 2088
173 941.524000 106.695000 1570
174 941.957000 106.652000 1264
175 942.834000 106.876000 1397
176 940.761000 106.735000 1331
177 941.364000 106.611000 1246
178 940.868000 106.466000 1225
179 941.273000 106.473000 933
180 940.494000 106.456000 734
181 940.236000 106.335000 741
182 940.924000 106.177000 758
183 941.005000 106.162000 597
184 940.525000 106.102000 568
185 940.520000 105.980000 581
186 941.553000 106.010000 495
187 940.681000 106.018000 388
188 939.867000 105.892000 407
189 939.159000 105.790000 420
190 940.964000 105.761000 373
191 941.163000 105.776000 309
192 941.490000 105.789000 259
193 4185.476000 105.821000 257
194 5434.860000 114.054000 16659
195 5451.821000 121.238000 26863
196 5483.177000 127.495000 32661
197 5168.041000 132.932000 35369
198 1669.689000 137.762000 36186
199 1113.742000 133.963000 34736
200 940.322000 130.399000 33180
[FINAL]:
Client Throughput=0.797803 Byte/s
AverageUPL=1306.060000
    AverageRTT=112.011000
    tcpi_retransmits=0
    tcpi_rto=332000
    tcpi_lost=0
    tcpi_retrans=0
    tcpi_snd_cwnd=10
    tcpi_snd_ssthresh=2147483647
    tcpi_total_retrans=0
