cca=BBR, bf1=1, bf2=0, c2s=1 bytes, s2c=1000000 bytes, d1=1ms, d2=50ms, bw1=100Mbps, bw2=10Mbps
1 514.183000 114.472000 133
2 917.767000 114.346000 85
3 1169.825000 114.530000 524
4 1164.950000 114.358000 429
5 1179.513000 114.654000 369
6 1226.884000 108.699000 1068
7 1047.377000 110.426000 571
8 996.735000 106.323000 387
9 981.882000 106.443000 560
10 979.728000 106.138000 562
11 989.580000 106.585000 497
12 982.399000 106.392000 331
13 980.241000 106.434000 486
14 980.330000 106.449000 361
15 985.592000 106.122000 415
16 984.502000 106.706000 353
17 982.698000 106.478000 414
18 979.444000 106.513000 361
19 1341.389000 106.056000 290
20 975.835000 106.304000 324
21 3044.465000 316.108000 29859
22 5970.343000 187.017000 2585
23 5682.928000 187.899000 1658
24 5498.547000 111.530000 3030
25 1554.396000 108.991000 691
26 1050.068000 109.824000 848
27 1067.759000 109.350000 862
28 1095.991000 106.337000 381
29 1086.443000 107.026000 697
30 1325.743000 151.514000 88201
31 977.210000 106.681000 537
32 1037.439000 107.408000 622
33 1417.336000 106.519000 423
34 1303.003000 106.971000 495
35 1368.818000 108.093000 2157
36 984.478000 106.486000 361
37 1102.373000 106.563000 532
38 992.721000 106.530000 448
39 1312.086000 107.157000 419
40 984.584000 106.472000 264
41 978.835000 106.165000 459
42 1179.229000 106.170000 441
43 978.302000 106.132000 360
44 980.201000 106.122000 459
45 983.495000 106.586000 699
46 1004.063000 106.348000 573
47 984.387000 106.467000 381
48 981.287000 106.391000 517
49 976.407000 106.445000 484
50 981.603000 106.592000 298
51 977.451000 106.098000 325
52 1080.050000 106.698000 701
53 1156.492000 107.867000 1599
54 1276.594000 107.146000 664
55 978.940000 106.605000 450
56 988.349000 107.774000 829
57 3685.117000 118.910000 2101
58 1403.281000 118.937000 269
59 1112.258000 107.868000 390
60 1144.324000 106.142000 618
61 1096.654000 107.634000 1055
62 1401.252000 110.202000 1175
63 990.194000 107.977000 279
64 984.521000 106.511000 568
65 984.100000 106.447000 514
66 977.915000 106.340000 334
67 1292.740000 106.291000 485
68 977.445000 106.305000 294
69 981.583000 106.408000 339
70 977.783000 106.327000 241
71 1090.439000 106.818000 596
72 1317.042000 107.636000 431
73 979.795000 106.435000 327
74 982.242000 107.286000 434
75 980.816000 106.439000 385
76 984.009000 107.989000 995
77 1076.797000 106.674000 470
78 1281.153000 106.527000 480
79 1565.724000 112.046000 9525
80 976.371000 106.422000 536
81 1177.213000 106.833000 1165
82 979.543000 106.773000 395
83 977.336000 106.232000 299
84 979.806000 106.156000 438
85 1065.605000 107.194000 591
86 978.248000 106.360000 352
87 982.760000 106.194000 393
88 983.429000 106.320000 536
89 982.144000 106.214000 479
90 1765.108000 393.699000 6743
91 6092.119000 186.183000 1835
92 5686.320000 188.455000 1892
93 5678.193000 188.394000 1909
94 5242.388000 117.362000 591
95 1615.087000 109.326000 436
96 1050.501000 108.822000 694
97 1041.126000 109.899000 1005
98 1015.333000 107.982000 511
99 995.510000 108.328000 764
100 989.449000 105.865000 512
101 986.009000 106.719000 507
102 984.183000 106.233000 346
103 979.806000 106.729000 432
104 982.287000 106.224000 275
105 981.366000 106.184000 379
106 978.176000 106.480000 355
107 978.601000 106.192000 360
108 978.729000 106.403000 203
109 980.163000 106.319000 487
110 979.153000 106.056000 278
111 977.859000 106.473000 307
112 1006.984000 106.394000 375
113 1253.004000 107.120000 829
114 1054.720000 107.256000 527
115 979.844000 106.416000 369
116 1038.991000 106.908000 640
117 1342.893000 117.142000 7447
118 988.201000 106.423000 226
119 978.041000 106.305000 366
120 2934.178000 226.160000 38268
121 3066.020000 114.013000 1027
122 1130.594000 111.200000 228
123 1315.079000 108.769000 987
124 996.122000 106.623000 359
125 986.495000 106.364000 529
126 977.556000 106.246000 553
127 979.083000 106.345000 262
128 982.689000 106.379000 499
129 978.842000 106.469000 298
130 981.501000 106.089000 328
131 990.725000 107.397000 592
132 1072.122000 107.535000 335
133 1306.363000 106.207000 322
134 978.309000 106.429000 780
135 976.147000 106.315000 321
136 973.256000 106.276000 561
137 981.891000 106.252000 518
138 1045.069000 107.555000 839
139 1015.145000 107.201000 238
140 1073.556000 107.131000 692
141 1040.351000 108.354000 1421
142 1082.937000 106.942000 727
143 1044.485000 107.208000 472
144 974.958000 106.220000 288
145 979.575000 106.351000 255
146 974.222000 106.174000 228
147 1024.567000 107.158000 476
148 1088.191000 107.727000 849
149 979.787000 106.107000 415
150 980.465000 106.133000 414
151 1048.079000 107.185000 564
152 1287.329000 106.451000 461
153 976.770000 106.735000 339
154 978.248000 106.764000 530
155 977.666000 105.909000 393
156 1293.813000 106.140000 446
157 982.677000 106.233000 402
158 978.447000 106.489000 490
159 978.965000 106.633000 558
160 1464.890000 211.503000 25708
161 3464.951000 165.949000 15778
162 5337.556000 125.750000 11967
163 2113.313000 109.476000 1139
164 984.898000 106.930000 460
165 979.876000 106.162000 198
166 1002.517000 106.249000 638
167 1036.156000 107.465000 679
168 1026.124000 107.330000 701
169 1080.715000 107.503000 880
170 977.235000 106.141000 295
171 983.203000 106.253000 480
172 983.008000 106.559000 264
173 983.357000 106.134000 496
174 1296.929000 107.025000 942
175 1280.873000 106.233000 373
176 975.359000 106.021000 547
177 988.685000 106.120000 184
178 979.241000 105.809000 214
179 976.102000 105.980000 579
180 988.912000 106.208000 697
181 976.647000 106.245000 320
182 973.090000 106.279000 357
183 996.502000 107.086000 440
184 1296.586000 106.216000 405
185 1047.023000 107.657000 867
186 1087.598000 107.439000 392
187 976.281000 106.528000 399
188 979.660000 106.614000 611
189 1085.830000 106.723000 557
190 2008.061000 283.518000 76450
191 4038.858000 182.343000 27187
192 5676.580000 145.539000 13544
193 5789.703000 146.574000 13591
194 2196.426000 117.321000 1477
195 1776.614000 115.134000 1094
196 1051.347000 107.488000 957
197 995.402000 106.838000 345
198 980.834000 106.249000 750
199 981.747000 105.864000 567
200 980.613000 106.145000 397
[FINAL]:
Server Throughput=724976.342300 Byte/s
AverageUPL=1306.405000
    AverageRTT=113.404000
    tcpi_retransmits=0
    tcpi_rto=308000
    tcpi_lost=0
    tcpi_retrans=0
    tcpi_snd_cwnd=184
    tcpi_snd_ssthresh=82
    tcpi_total_retrans=4408
cca=BBR, bf1=1, bf2=4, c2s=1 bytes, s2c=1000000 bytes, d1=1ms, d2=50ms, bw1=100Mbps, bw2=10Mbps
1 476.241000 106.343000 282
2 737.459000 315.335000 574
3 939.523000 314.666000 470
4 941.806000 118.632000 347
5 939.826000 114.879000 265
6 939.537000 115.435000 244
7 940.326000 118.649000 300
8 939.536000 118.114000 313
9 939.361000 115.324000 655
10 940.493000 115.408000 340
11 939.381000 118.621000 339
12 940.651000 118.899000 374
13 939.737000 121.564000 454
14 940.752000 121.051000 359
15 1252.849000 114.407000 2684
16 943.102000 127.237000 764
17 942.151000 125.065000 625
18 940.022000 124.810000 6736
19 942.172000 127.292000 569
20 940.226000 125.704000 360
21 939.946000 115.975000 360
22 939.944000 114.821000 294
23 939.892000 114.069000 331
24 939.972000 115.801000 375
25 939.640000 115.082000 424
26 940.243000 116.463000 469
27 941.531000 113.851000 380
28 939.818000 114.592000 230
29 940.074000 118.747000 387
30 940.479000 119.666000 443
31 1245.689000 107.955000 963
32 940.033000 117.334000 455
33 940.296000 117.231000 549
34 941.284000 113.829000 356
35 940.264000 112.699000 213
36 939.620000 115.142000 329
37 941.075000 116.244000 428
38 939.472000 115.084000 456
39 940.403000 114.926000 283
40 940.669000 115.420000 487
41 939.158000 115.075000 284
42 940.033000 115.336000 404
43 940.897000 113.894000 529
44 939.671000 115.451000 254
45 1144.391000 112.237000 1091
46 941.122000 134.504000 2013
47 939.737000 114.100000 625
48 940.088000 117.839000 379
49 941.039000 113.868000 537
50 938.783000 112.989000 475
51 939.823000 114.920000 370
52 939.432000 114.055000 794
53 939.529000 114.568000 497
54 939.141000 114.790000 503
55 1466.050000 364.855000 43127
56 1807.559000 140.242000 461
57 966.328000 107.031000 458
58 942.611000 112.122000 419
59 940.989000 115.223000 365
60 1247.522000 125.821000 3764
61 940.013000 117.330000 258
62 940.751000 117.993000 454
63 940.227000 115.434000 256
64 940.859000 115.263000 298
65 940.611000 120.821000 614
66 940.216000 119.899000 315
67 939.667000 114.481000 414
68 939.527000 114.973000 404
69 940.385000 114.153000 421
70 943.459000 116.081000 1019
71 940.678000 115.253000 583
72 940.052000 114.577000 237
73 1246.903000 107.270000 652
74 938.887000 114.479000 668
75 939.401000 113.837000 393
76 939.509000 113.502000 621
77 940.382000 112.759000 477
78 939.250000 113.423000 694
79 939.689000 114.239000 491
80 939.758000 113.473000 659
81 939.634000 113.667000 454
82 941.513000 113.555000 626
83 940.252000 113.691000 615
84 939.525000 113.944000 448
85 1247.204000 130.141000 4011
86 939.721000 119.477000 527
87 939.598000 119.795000 281
88 939.372000 116.163000 459
89 940.064000 113.579000 360
90 938.524000 115.477000 534
91 1837.140000 292.313000 45636
92 3182.961000 184.032000 17728
93 1950.667000 114.394000 1378
94 997.908000 129.533000 407
95 960.959000 140.429000 98
96 961.053000 140.516000 3601
97 961.490000 131.140000 2571
98 963.715000 132.226000 2772
99 964.326000 130.074000 989
100 957.937000 120.460000 870
101 963.058000 140.926000 389
102 958.527000 131.917000 3600
103 939.670000 124.916000 468
104 939.143000 123.867000 544
105 939.863000 120.159000 444
106 939.673000 118.161000 436
107 939.844000 117.750000 517
108 938.916000 117.647000 280
109 939.549000 119.813000 397
110 939.950000 117.892000 428
111 940.067000 115.485000 302
112 939.879000 115.185000 168
113 942.112000 115.103000 543
114 939.216000 115.257000 482
115 943.397000 119.579000 419
116 940.080000 121.174000 495
117 939.632000 120.299000 248
118 940.151000 116.258000 391
119 941.623000 115.666000 394
120 939.514000 120.004000 442
121 1243.798000 119.706000 3669
122 939.530000 115.352000 367
123 939.253000 114.875000 375
124 942.034000 116.400000 686
125 941.912000 120.257000 436
126 942.283000 117.661000 714
127 945.263000 116.603000 235
128 938.882000 116.201000 339
129 939.272000 115.339000 301
130 941.118000 116.773000 476
131 946.388000 120.189000 755
132 940.815000 123.759000 376
133 940.340000 121.638000 471
134 939.633000 114.968000 423
135 939.482000 115.286000 364
136 940.878000 117.446000 336
137 940.684000 117.492000 472
138 940.038000 115.442000 348
139 1245.215000 106.328000 465
140 940.028000 113.838000 334
141 940.732000 113.928000 277
142 940.350000 114.901000 360
143 941.568000 113.915000 357
144 962.650000 114.318000 233
145 944.083000 117.446000 433
146 949.609000 119.069000 563
147 943.485000 113.291000 1800
148 945.940000 123.521000 1825
149 945.847000 113.872000 488
150 951.548000 120.232000 371
151 958.094000 120.372000 420
152 940.349000 120.735000 621
153 944.683000 117.224000 1430
154 953.953000 121.894000 673
155 1246.617000 115.974000 3623
156 940.531000 118.856000 482
157 940.718000 117.780000 480
158 940.226000 117.674000 400
159 1125.846000 121.676000 484
160 1112.673000 133.341000 622
161 1019.135000 127.929000 3265
162 1021.745000 129.721000 503
163 940.925000 114.764000 431
164 959.762000 113.886000 450
165 976.068000 159.125000 8077
166 940.683000 114.040000 600
167 940.495000 114.759000 525
168 940.644000 114.329000 547
169 940.057000 119.576000 655
170 4066.401000 600.295000 3493
171 5694.379000 117.968000 631
172 1773.154000 117.398000 460
173 1261.708000 121.505000 2945
174 942.559000 121.780000 640
175 941.004000 121.594000 354
176 941.176000 123.719000 643
177 940.950000 118.909000 557
178 939.187000 120.069000 419
179 940.191000 114.646000 368
180 941.360000 120.583000 580
181 939.059000 120.066000 639
182 939.584000 113.806000 272
183 938.523000 115.051000 601
184 939.368000 114.513000 416
185 939.435000 114.200000 445
186 940.397000 113.717000 505
187 939.727000 115.137000 345
188 939.568000 115.179000 505
189 939.717000 115.707000 390
190 940.943000 120.774000 678
191 937.956000 120.275000 465
192 939.572000 116.147000 500
193 940.341000 116.908000 477
194 1245.054000 107.393000 849
195 3537.583000 342.628000 8744
196 2997.173000 117.347000 453
197 1495.256000 117.378000 396
198 1494.973000 117.337000 437
199 1828.189000 117.387000 429
200 1395.704000 107.954000 215
[FINAL]:
Server Throughput=939100.752993 Byte/s
AverageUPL=1121.099000
    AverageRTT=125.581000
    tcpi_retransmits=0
    tcpi_rto=308000
    tcpi_lost=0
    tcpi_retrans=0
    tcpi_snd_cwnd=174
    tcpi_snd_ssthresh=94
    tcpi_total_retrans=0
cca=CUBIC, bf1=1, bf2=0, c2s=1 bytes, s2c=1000000 bytes, d1=1ms, d2=50ms, bw1=100Mbps, bw2=10Mbps
1 1508.480000 108.934000 1238
2 2408.081000 107.173000 253
3 2128.436000 107.237000 1097
4 3283.933000 295.707000 3981
5 5064.913000 407.590000 19586
6 5245.526000 325.991000 4679
7 3894.241000 109.034000 466
8 1924.766000 108.438000 559
9 2031.058000 108.501000 761
10 1917.149000 110.604000 1242
11 2018.091000 108.701000 828
12 1958.640000 107.670000 456
13 2080.783000 107.711000 119
14 1958.406000 107.844000 320
15 1969.081000 106.968000 605
16 1962.993000 107.574000 428
17 2075.070000 107.217000 604
18 1945.363000 106.911000 347
19 1958.981000 107.008000 597
20 1970.927000 107.071000 387
21 3414.870000 278.904000 4150
22 2564.251000 117.256000 1557
23 2061.209000 115.173000 1062
24 2013.991000 107.831000 479
25 1803.495000 109.928000 655
26 2427.613000 108.236000 294
27 2127.953000 108.490000 383
28 1973.147000 107.232000 562
29 2046.707000 107.171000 435
30 2109.222000 107.566000 1300
31 2070.881000 107.076000 413
32 1753.368000 107.456000 390
33 2327.283000 107.360000 265
34 2097.119000 107.802000 539
35 2077.797000 108.135000 479
36 2073.494000 107.793000 460
37 2083.492000 107.833000 383
38 2075.699000 108.188000 211
39 2073.074000 107.827000 329
40 2075.154000 107.818000 499
41 2069.877000 107.973000 513
42 2066.638000 107.907000 712
43 2073.237000 107.931000 397
44 2070.385000 107.966000 413
45 2066.679000 107.331000 563
46 4189.412000 317.197000 11761
47 5233.793000 327.033000 2157
48 3514.609000 112.362000 144
49 2022.968000 108.712000 138
50 2115.153000 108.908000 198
51 1982.381000 110.293000 1140
52 1972.673000 107.273000 259
53 1972.239000 106.944000 212
54 2068.427000 106.695000 387
55 1953.119000 107.189000 336
56 1955.226000 107.280000 400
57 1967.067000 107.304000 694
58 2068.948000 106.867000 580
59 1944.708000 106.878000 327
60 1921.085000 106.844000 523
61 2466.948000 293.566000 5995
62 2171.842000 108.760000 662
63 2415.739000 107.523000 377
64 2121.551000 108.211000 459
65 1979.504000 107.868000 216
66 2186.280000 108.377000 1596
67 2111.272000 108.398000 1364
68 2107.965000 107.499000 558
69 1958.273000 107.670000 712
70 1930.961000 107.139000 446
71 2062.408000 106.900000 427
72 2119.965000 107.574000 977
73 2054.762000 107.285000 524
74 2063.748000 106.996000 714
75 2058.175000 107.190000 460
76 2071.285000 107.875000 375
77 2056.774000 107.280000 359
78 2059.068000 107.566000 216
79 2067.125000 107.491000 625
80 2052.444000 106.884000 218
81 2066.629000 107.980000 299
82 2063.340000 107.151000 390
83 2061.672000 107.661000 175
84 2053.367000 106.744000 208
85 2068.664000 107.298000 419
86 2060.771000 107.170000 383
87 2052.377000 106.962000 292
88 2060.450000 107.223000 395
89 2061.610000 108.063000 572
90 2071.512000 107.313000 148
91 2056.459000 107.712000 997
92 2076.664000 107.182000 381
93 1853.950000 107.099000 497
94 2036.381000 107.594000 629
95 1990.036000 106.797000 411
96 2190.542000 107.227000 418
97 2019.562000 106.890000 574
98 1893.493000 107.176000 628
99 2019.888000 111.914000 7770
100 1765.959000 107.040000 358
101 2608.677000 109.249000 970
102 2158.587000 108.788000 723
103 2079.470000 108.603000 432
104 2079.325000 108.199000 654
105 2077.583000 108.137000 351
106 2079.075000 107.794000 245
107 1859.351000 108.559000 1120
108 1967.704000 107.165000 263
109 2074.509000 107.272000 797
110 1949.839000 106.617000 249
111 1959.853000 106.444000 312
112 1974.344000 107.175000 520
113 2070.738000 107.037000 572
114 1949.295000 107.671000 494
115 1921.836000 106.704000 362
116 2001.073000 107.814000 391
117 1794.080000 109.430000 589
118 2411.253000 107.712000 409
119 2125.525000 107.469000 394
120 1970.026000 106.969000 286
121 2266.393000 107.146000 431
122 2136.474000 107.467000 891
123 2074.757000 108.911000 1566
124 2059.216000 110.646000 4506
125 2077.470000 109.186000 557
126 2090.008000 108.590000 592
127 2094.226000 108.805000 892
128 2096.978000 109.421000 940
129 2085.273000 108.886000 409
130 2123.389000 115.733000 9467
131 2091.429000 108.196000 525
132 2082.213000 108.380000 540
133 2136.676000 108.103000 433
134 2097.620000 108.990000 1090
135 2129.597000 108.668000 673
136 2089.354000 109.418000 902
137 2085.920000 107.963000 253
138 2083.077000 108.148000 430
139 2076.832000 108.101000 455
140 2080.275000 108.038000 661
141 2079.078000 108.200000 615
142 2079.233000 107.555000 436
143 2075.545000 108.230000 300
144 2073.046000 107.562000 293
145 2065.189000 107.822000 695
146 2076.735000 107.594000 413
147 2068.947000 107.451000 619
148 2072.071000 107.750000 296
149 2071.158000 108.018000 427
150 2068.388000 107.518000 104
151 2497.723000 109.561000 900
152 2097.322000 108.659000 331
153 2097.551000 108.737000 476
154 2083.869000 108.436000 506
155 2083.157000 108.045000 104
156 2079.831000 108.358000 601
157 2081.100000 108.000000 99
158 2089.900000 108.298000 479
159 2092.046000 108.555000 585
160 2101.176000 109.225000 761
161 2083.170000 107.996000 332
162 2091.559000 124.911000 4448
163 2069.745000 107.642000 489
164 2076.009000 107.583000 578
165 2112.509000 108.721000 827
166 2067.948000 107.621000 134
167 2070.826000 108.048000 207
168 2066.137000 107.665000 647
169 2063.669000 107.144000 470
170 2064.420000 107.258000 459
171 2066.008000 107.990000 524
172 2066.919000 107.836000 371
173 2083.927000 108.896000 633
174 2092.222000 109.006000 1342
175 2078.730000 108.046000 187
176 2079.525000 108.271000 478
177 2074.389000 108.336000 628
178 2079.566000 108.130000 360
179 2083.726000 108.409000 326
180 2096.191000 108.589000 791
181 2085.487000 108.409000 392
182 2092.179000 108.327000 307
183 2088.441000 110.635000 3361
184 2091.622000 108.279000 649
185 2081.261000 108.676000 590
186 2074.271000 107.815000 233
187 2070.779000 107.529000 419
188 2100.314000 107.554000 415
189 2069.413000 107.545000 257
190 2068.335000 107.056000 173
191 2074.651000 107.275000 252
192 2071.148000 107.105000 279
193 2077.856000 109.104000 734
194 2074.498000 107.942000 408
195 2082.272000 107.982000 619
196 2096.694000 112.857000 5717
197 2067.216000 107.957000 461
198 2082.082000 108.934000 622
199 2081.832000 108.526000 443
200 2080.096000 108.601000 348
[FINAL]:
Server Throughput=464242.648899 Byte/s
AverageUPL=2083.800000
    AverageRTT=108.433000
    tcpi_retransmits=0
    tcpi_rto=312000
    tcpi_lost=0
    tcpi_retrans=0
    tcpi_snd_cwnd=41
    tcpi_snd_ssthresh=30
    tcpi_total_retrans=223
cca=CUBIC, bf1=1, bf2=4, c2s=1 bytes, s2c=1000000 bytes, d1=1ms, d2=50ms, bw1=100Mbps, bw2=10Mbps
1 502.470000 135.525000 9057
2 691.236000 406.438000 5432
3 941.634000 448.172000 1227
4 942.171000 488.758000 1064
5 1072.185000 203.075000 65523
6 809.526000 567.939000 1259
7 940.393000 607.211000 1084
8 939.667000 646.817000 929
9 939.950000 687.605000 1038
10 941.471000 727.904000 485
11 939.915000 770.030000 3228
12 939.423000 824.575000 23284
13 940.697000 922.716000 19389
14 949.952000 931.806000 19296
15 940.394000 922.197000 19199
16 940.770000 922.311000 19447
17 947.844000 929.452000 19489
18 943.299000 924.976000 19237
19 940.515000 922.310000 19132
20 947.320000 928.383000 19813
21 941.369000 922.744000 19572
22 940.036000 922.165000 19258
23 939.992000 922.363000 19428
24 939.674000 922.150000 19131
25 940.358000 922.187000 19277
26 942.758000 922.344000 19605
27 939.154000 920.912000 19445
28 942.829000 922.637000 19713
29 939.809000 921.369000 19452
30 940.015000 921.890000 19419
31 941.526000 922.905000 19485
32 942.199000 922.435000 19590
33 939.961000 921.159000 19294
34 941.714000 921.831000 19493
35 941.131000 921.479000 19687
36 939.060000 921.835000 19267
37 942.279000 922.497000 19373
38 940.659000 921.179000 19412
39 938.706000 920.849000 19512
40 940.482000 922.364000 19410
41 940.919000 922.495000 19537
42 942.250000 922.576000 19461
43 938.872000 920.971000 19448
44 940.935000 922.780000 19405
45 941.628000 923.445000 19387
46 942.592000 923.492000 19699
47 941.923000 922.217000 19619
48 939.252000 920.977000 19535
49 942.069000 922.367000 19457
50 940.228000 921.229000 19471
51 940.433000 922.374000 19331
52 940.992000 922.386000 19374
53 939.686000 922.240000 19163
54 940.292000 922.090000 19290
55 940.816000 922.323000 19606
56 941.273000 922.431000 19621
57 940.706000 922.533000 19313
58 942.168000 922.333000 19498
59 940.926000 920.870000 19662
60 939.251000 921.238000 19266
61 940.669000 922.023000 19439
62 940.170000 922.559000 19027
63 943.527000 923.810000 19743
64 941.644000 923.398000 19472
65 943.959000 924.960000 19395
66 943.266000 923.740000 19135
67 938.740000 920.807000 20253
68 941.240000 922.358000 19668
69 942.016000 922.905000 19636
70 940.542000 922.257000 19373
71 941.968000 922.582000 19302
72 939.139000 921.353000 19394
73 940.313000 922.366000 19375
74 940.962000 922.278000 19522
75 940.301000 922.254000 19220
76 942.120000 922.286000 19521
77 939.967000 921.276000 19379
78 942.478000 922.477000 19550
79 938.969000 921.033000 19506
80 940.254000 922.319000 19375
81 942.551000 922.678000 19674
82 939.421000 921.410000 19418
83 940.790000 922.153000 19420
84 939.559000 922.002000 19034
85 941.564000 922.590000 19479
86 939.330000 921.745000 19266
87 969.323000 943.852000 24333
88 5514.599000 5402.363000 124932
89 5434.994000 5323.943000 124862
90 5414.627000 5303.259000 124907
91 5379.660000 5272.001000 118904
92 5399.737000 5288.870000 124911
93 3646.041000 3621.813000 21317
94 1327.073000 1297.919000 30641
95 1049.419000 1029.551000 19470
96 941.201000 921.857000 19498
97 941.211000 922.543000 19640
98 941.110000 922.425000 19613
99 941.356000 922.453000 19554
100 966.296000 947.337000 19626
101 940.428000 922.320000 19475
102 972.382000 952.192000 19519
103 939.363000 921.348000 19488
104 944.222000 926.128000 19455
105 941.063000 922.742000 19531
106 941.640000 923.163000 19904
107 940.826000 922.764000 19402
108 971.153000 952.429000 19591
109 939.395000 921.911000 19123
110 958.423000 940.541000 19241
111 939.691000 922.343000 19267
112 941.556000 922.705000 19685
113 940.744000 922.689000 19180
114 940.428000 922.374000 19392
115 941.272000 922.355000 19471
116 939.828000 922.144000 19135
117 940.497000 922.450000 19307
118 942.161000 922.880000 19397
119 941.550000 923.803000 19637
120 942.133000 923.888000 19437
121 942.708000 923.152000 19606
122 941.247000 921.930000 19539
123 939.703000 921.576000 19169
124 941.337000 922.333000 19320
125 941.004000 921.488000 19405
126 940.377000 921.757000 19573
127 941.321000 922.908000 19192
128 939.567000 921.582000 19193
129 943.798000 922.909000 19740
130 939.128000 921.537000 19286
131 941.404000 923.430000 19145
132 940.892000 922.372000 19492
133 939.984000 922.576000 19175
134 941.104000 922.380000 19592
135 940.475000 922.556000 19334
136 941.083000 922.201000 19575
137 1879.913000 1858.108000 23527
138 2676.308000 2642.852000 24211
139 1830.589000 1759.618000 71223
140 1834.126000 1763.706000 67631
141 2680.482000 2658.475000 32888
142 3276.688000 3196.650000 67524
143 3103.896000 3076.638000 29346
144 2295.434000 2274.819000 19491
145 972.223000 946.790000 24628
146 2516.923000 2495.902000 22464
147 1791.751000 1771.897000 19191
148 942.712000 923.581000 19056
149 942.657000 923.204000 19881
150 942.154000 923.256000 19857
151 940.249000 921.846000 19419
152 943.447000 922.837000 19692
153 938.823000 921.279000 19239
154 941.302000 922.277000 19641
155 940.484000 922.584000 19166
156 940.064000 922.324000 19126
157 940.538000 922.049000 19372
158 942.550000 922.090000 19670
159 938.935000 920.962000 18957
160 941.029000 922.088000 19384
161 948.747000 930.225000 19355
162 941.333000 922.581000 19528
163 940.839000 922.463000 19300
164 940.075000 921.633000 19411
165 940.783000 922.726000 19365
166 950.148000 931.998000 19510
167 942.703000 922.392000 19583
168 942.756000 924.443000 19408
169 940.503000 922.375000 19268
170 940.997000 922.193000 19403
171 940.517000 922.029000 19239
172 939.667000 921.913000 19202
173 941.341000 922.631000 19672
174 941.533000 922.971000 19561
175 943.279000 924.268000 19938
176 943.036000 923.104000 19553
177 940.263000 921.358000 19584
178 941.341000 922.512000 19613
179 941.231000 922.265000 19628
180 941.307000 922.544000 19365
181 939.853000 922.301000 19247
182 940.130000 922.092000 19445
183 943.574000 923.028000 19736
184 939.595000 921.438000 19359
185 940.585000 922.209000 19253
186 941.235000 922.214000 19519
187 941.630000 922.809000 19466
188 940.425000 922.189000 19137
189 939.139000 921.510000 19088
190 941.555000 922.407000 19340
191 941.235000 921.151000 19520
192 941.503000 921.367000 19607
193 942.099000 921.542000 19732
194 4224.330000 4114.115000 123445
195 5435.404000 5324.669000 123886
196 5451.856000 5340.882000 125365
197 5483.131000 5371.918000 125132
198 5168.946000 5057.458000 124891
199 1631.706000 1612.109000 19527
200 1111.619000 1092.325000 19577
[FINAL]:
Server Throughput=800805.754734 Byte/s
AverageUPL=1306.291000
    AverageRTT=1280.940000
    tcpi_retransmits=0
    tcpi_rto=4652000
    tcpi_lost=0
    tcpi_retrans=0
    tcpi_snd_cwnd=700
    tcpi_snd_ssthresh=337
    tcpi_total_retrans=0
